Date,Open,High,Low,Close,Adj Close,Volume,Stock,SMA_50,T_SMA_50,SMA_150,T_SMA_150,SMA_200,T_SMA_200,VOL_50,EMA_5,T_EMA_5,EMA_10,T_EMA_10,EMA_21,T_EMA_21,EMA_50,T_EMA_50,EMA_200,T_EMA_200,MACD,SIGNAL,HIST,RSI
2019-06-03,90.5999984741211,91.4800033569336,90.16999816894531,90.70999908447266,87.15164947509766,638600,NDAQ,,False,,False,,False,,91.0,False,91.0,False,91.0,False,91.0,False,91.0,False,0.0,0.0,0.0,
2019-06-04,91.5,92.94000244140625,91.0199966430664,92.76000213623047,89.1212387084961,650100,NDAQ,,False,,False,,False,,91.0,True,91.0,True,91.0,True,91.0,True,91.0,True,0.16353300697782913,0.032706601395565825,0.1308264055822633,
2019-06-05,93.04000091552734,96.31999969482422,92.9800033569336,96.18000030517578,92.40706634521484,976300,NDAQ,,False,,False,,False,,93.0,True,92.0,True,91.0,True,91.0,True,91.0,True,0.5626139004862694,0.13868806121370653,0.42392583927256283,
2019-06-06,96.25,96.33000183105469,95.33999633789062,95.88999938964844,92.12845611572266,601100,NDAQ,,False,,False,,False,,94.0,True,93.0,True,92.0,True,91.0,True,91.0,True,0.8457385856090838,0.280098166092782,0.5656404195163018,
2019-06-07,96.05000305175781,96.95999908447266,95.54000091552734,96.16000366210938,92.38786315917969,607500,NDAQ,,False,,False,,False,,95.0,True,93.0,True,92.0,True,91.0,True,91.0,True,1.0794606759089334,0.43997066805601226,0.6394900078529211,
2019-06-10,96.5999984741211,97.11000061035156,96.25,96.66999816894531,92.87786102294922,433500,NDAQ,,False,,False,,False,,95.0,True,94.0,True,93.0,True,92.0,True,91.0,True,1.2909580500406292,0.6101681444529357,0.6807899055876936,
2019-06-11,97.25,97.47000122070312,95.12999725341797,95.26000213623047,91.5231704711914,439600,NDAQ,,False,,False,,False,,95.0,True,94.0,True,93.0,True,92.0,True,91.0,True,1.3294710322914653,0.7540287220206416,0.5754423102708237,
2019-06-12,94.95999908447266,95.70999908447266,94.76000213623047,95.44999694824219,91.70570373535156,530700,NDAQ,,False,,False,,False,,95.0,True,94.0,True,93.0,True,92.0,True,91.0,True,1.3596506354998326,0.8751531047164798,0.4844975307833528,
2019-06-13,95.30000305175781,95.5199966430664,94.29000091552734,95.44000244140625,92.14986419677734,478400,NDAQ,,False,,False,,False,,95.0,True,95.0,True,93.0,True,92.0,True,91.0,True,1.3670037470351417,0.9735232331802122,0.39348051385492955,
2019-06-14,95.62000274658203,95.98999786376953,95.0,95.70999908447266,92.41056060791016,391300,NDAQ,,False,,False,,False,,95.0,True,95.0,True,94.0,True,92.0,True,91.0,True,1.37872453532556,1.0545634936092818,0.32416104171627813,
2019-06-17,95.93000030517578,96.20999908447266,95.06999969482422,95.16999816894531,91.88916778564453,433900,NDAQ,,False,,False,,False,,95.0,True,95.0,True,94.0,True,92.0,True,91.0,True,1.3291185324873567,1.1094745013848968,0.2196440311024599,
2019-06-18,95.43000030517578,96.33000183105469,95.26000213623047,95.91000366210938,92.60366821289062,517200,NDAQ,,False,,False,,False,,96.0,False,95.0,True,94.0,True,92.0,True,91.0,True,1.3341385578381733,1.154407312675552,0.17973124516262118,
2019-06-19,95.88999938964844,96.94999694824219,95.44000244140625,96.51000213623047,93.18297576904297,428000,NDAQ,,False,,False,,False,,96.0,True,95.0,True,94.0,True,93.0,True,91.0,True,1.370730894064721,1.197672028953386,0.17305886511133495,
2019-06-20,96.98999786376953,97.88999938964844,96.52999877929688,97.73999786376953,94.37056732177734,450200,NDAQ,,False,,False,,False,,96.0,True,96.0,True,94.0,True,93.0,True,91.0,True,1.4818985557659516,1.254517334315899,0.22738122145005257,
2019-06-21,97.69000244140625,98.7300033569336,97.4800033569336,98.29000091552734,94.90161895751953,977800,NDAQ,,False,,False,,False,,97.0,True,96.0,True,95.0,True,93.0,True,91.0,True,1.595982881104959,1.3228104436737111,0.27317243743124786,81.19301242297942
2019-06-24,98.19000244140625,98.56999969482422,96.30000305175781,96.87000274658203,93.53057098388672,665400,NDAQ,,False,,False,,False,,97.0,False,96.0,True,95.0,True,93.0,True,91.0,True,1.5539011409720302,1.369028583133375,0.1848725578386552,66.62748788068487
2019-06-25,97.08000183105469,98.16000366210938,96.62000274658203,98.0,94.62158966064453,777300,NDAQ,,False,,False,,False,,97.0,True,97.0,True,95.0,True,93.0,True,92.0,True,1.5933650725824577,1.4138958810231916,0.1794691915592661,71.07444961680233
2019-06-26,98.0,98.08000183105469,94.44999694824219,94.61000061035156,91.34848022460938,1366900,NDAQ,,False,,False,,False,,96.0,False,96.0,False,95.0,False,93.0,True,92.0,True,1.3356987990564733,1.3982564646298479,-0.06255766557337461,49.684755788354835
2019-06-27,95.16000366210938,96.5199966430664,95.16000366210938,96.16999816894531,92.85469818115234,579900,NDAQ,,False,,False,,False,,96.0,True,96.0,True,95.0,True,94.0,True,92.0,True,1.2430461244831292,1.3672143966005041,-0.12416827211737491,56.21494734674644
2019-06-28,96.08999633789062,96.77999877929688,96.0,96.16999816894531,92.85469818115234,904300,NDAQ,,False,,False,,False,,96.0,True,96.0,True,95.0,True,94.0,True,92.0,True,1.156289229880258,1.3250293632564552,-0.1687401333761971,56.21494734674644
2019-07-01,97.04000091552734,97.44999694824219,96.41999816894531,97.1500015258789,93.8009033203125,1031700,NDAQ,,False,,False,,False,,97.0,True,96.0,True,96.0,True,94.0,True,92.0,True,1.1533171246347678,1.2906869155321177,-0.1373697908973499,59.99751193103461
2019-07-02,97.43000030517578,99.88999938964844,97.01000213623047,99.66000366210938,96.2243881225586,1400100,NDAQ,,False,,False,,False,,98.0,True,97.0,True,96.0,True,94.0,True,92.0,True,1.3380734276929047,1.3001642179642752,0.037909209728629545,67.69517760096471
2019-07-03,99.2300033569336,101.62999725341797,99.20999908447266,101.41999816894531,97.92369842529297,1180900,NDAQ,,False,,False,,False,,99.0,True,98.0,True,96.0,True,94.0,True,92.0,True,1.6079752391505195,1.3617264222015242,0.24624881694899536,71.79380508169815
2019-07-05,101.27999877929688,101.41999816894531,100.11000061035156,101.05000305175781,97.56645965576172,768700,NDAQ,,False,,False,,False,,100.0,True,98.0,True,97.0,True,95.0,True,92.0,True,1.7715969881903675,1.443700535399293,0.3278964527910744,69.78920068808841
2019-07-08,100.91000366210938,101.30000305175781,100.37999725341797,100.83999633789062,97.36370086669922,839700,NDAQ,,False,,False,,False,,100.0,True,99.0,True,97.0,True,95.0,True,92.0,True,1.8628488544152049,1.5275301992024755,0.3353186552127294,68.61807871373667
2019-07-09,100.55000305175781,101.66999816894531,100.37000274658203,101.61000061035156,98.10714721679688,458600,NDAQ,,False,,False,,False,,101.0,True,99.0,True,98.0,True,95.0,True,92.0,True,1.9745382772729698,1.6169318148165746,0.35760646245639527,70.56825788713252
2019-07-10,102.16999816894531,103.5999984741211,102.16999816894531,103.0199966430664,99.46854400634766,906400,NDAQ,,False,,False,,False,,101.0,True,100.0,True,98.0,True,95.0,True,92.0,True,2.1520206906428,1.7239495899818196,0.42807110066098053,73.7812944706063
2019-07-11,103.04000091552734,104.12000274658203,102.5999984741211,104.01000213623047,100.42442321777344,774700,NDAQ,,False,,False,,False,,102.0,True,101.0,True,99.0,True,96.0,True,92.0,True,2.3455242083713586,1.8482645136597275,0.497259694711631,75.78055029206685
2019-07-12,104.2300033569336,104.62000274658203,103.75,104.27999877929688,100.68510437011719,532500,NDAQ,,False,,False,,False,,103.0,True,101.0,True,99.0,True,96.0,True,92.0,True,2.4919381016697315,1.9769992312617284,0.5149388704080031,76.31107775398252
2019-07-15,104.36000061035156,104.45999908447266,103.5999984741211,104.22000122070312,100.62718963623047,520700,NDAQ,,False,,False,,False,,103.0,True,102.0,True,100.0,True,96.0,True,93.0,True,2.5734655563983466,2.096292496289052,0.4771730601092945,75.91313516290778
2019-07-16,104.44999694824219,104.69000244140625,103.27999877929688,103.29000091552734,99.72924041748047,664400,NDAQ,,False,,False,,False,,103.0,True,102.0,True,100.0,True,97.0,True,93.0,True,2.533825041526157,2.183799005336473,0.35002603618968386,69.83410106790743
2019-07-17,103.25,103.56999969482422,102.51000213623047,102.63999938964844,99.10165405273438,803400,NDAQ,,False,,False,,False,,103.0,False,102.0,True,100.0,True,97.0,True,93.0,True,2.4220401854561544,2.231447241360409,0.19059294409574523,65.86417105888569
2019-07-18,102.51000213623047,103.3499984741211,102.20999908447266,103.13999938964844,99.58441162109375,706400,NDAQ,,False,,False,,False,,103.0,True,102.0,True,100.0,True,97.0,True,93.0,True,2.3467439000969534,2.254506573107718,0.09223732698923559,67.3994272070199
2019-07-19,103.13999938964844,103.38999938964844,101.68000030517578,101.7300033569336,98.2230224609375,664800,NDAQ,,False,,False,,False,,103.0,False,102.0,False,101.0,True,97.0,True,93.0,True,2.14852924770328,2.2333111080268306,-0.08478186032355062,59.29994506089391
2019-07-22,100.5,102.38999938964844,99.25,101.77999877929688,98.27129364013672,730200,NDAQ,,False,,False,,False,,102.0,False,102.0,False,101.0,True,97.0,True,93.0,True,1.9727364426522769,2.18119617495192,-0.2084597322996431,59.48585591639214
2019-07-23,101.80999755859375,102.55999755859375,100.44000244140625,100.86000061035156,97.38301849365234,1174600,NDAQ,,False,,False,,False,,102.0,False,102.0,False,101.0,False,98.0,True,93.0,True,1.7391355426804864,2.0927840484976334,-0.353648505817147,54.548087817114016
2019-07-24,99.98999786376953,100.23999786376953,96.2699966430664,98.22000122070312,94.83403015136719,2170500,NDAQ,,False,,False,,False,,101.0,False,101.0,False,100.0,False,98.0,True,93.0,True,1.3256974441815714,1.939366727634421,-0.6136692834528497,43.41208838483858
2019-07-25,98.2300033569336,98.80999755859375,97.44999694824219,97.61000061035156,94.24505615234375,1147300,NDAQ,,False,,False,,False,,100.0,False,101.0,False,100.0,False,98.0,False,93.0,True,0.938010025509854,1.7390953872095078,-0.8010853616996538,41.31338264148152
2019-07-26,97.79000091552734,98.38999938964844,97.37999725341797,98.05999755859375,94.67955780029297,774000,NDAQ,,False,,False,,False,,99.0,False,100.0,False,100.0,False,98.0,True,93.0,True,0.6594739409344044,1.5231710979544872,-0.8636971570200829,43.483966305693784
2019-07-29,98.08999633789062,98.22000122070312,96.41999816894531,96.66999816894531,93.33745574951172,599700,NDAQ,,False,,False,,False,,98.0,False,100.0,False,100.0,False,98.0,False,93.0,True,0.32284914910492546,1.283106708184575,-0.9602575590796496,38.720060127841464
2019-07-30,96.33999633789062,97.08000183105469,95.95999908447266,96.80000305175781,93.4629898071289,587300,NDAQ,,False,,False,,False,,98.0,False,99.0,False,99.0,False,98.0,False,93.0,True,0.06580334388904419,1.0396460353254688,-0.9738426914364247,39.38889055259047
2019-07-31,96.9800033569336,97.05000305175781,95.8499984741211,96.37000274658203,93.04779815673828,592400,NDAQ,,False,,False,,False,,97.0,False,99.0,False,99.0,False,98.0,False,93.0,True,-0.1706377340449876,0.7975892814513775,-0.9682270154963651,37.91487814973824
2019-08-01,96.19999694824219,98.25,96.19999694824219,97.6500015258789,94.28367614746094,986200,NDAQ,,False,,False,,False,,97.0,True,98.0,False,99.0,False,98.0,False,93.0,True,-0.2518308385332091,0.5877052574544602,-0.8395360959876693,44.56509999124412
2019-08-02,97.72000122070312,98.47000122070312,96.95999908447266,97.94999694824219,94.57333374023438,775100,NDAQ,,False,,False,,False,,98.0,False,98.0,False,99.0,False,98.0,False,93.0,True,-0.2886425438151292,0.4124356972005424,-0.7010782410156716,46.024371354962106
2019-08-05,97.30999755859375,97.33000183105469,93.94999694824219,94.36000061035156,91.10710144042969,1072700,NDAQ,,False,,False,,False,,97.0,False,98.0,False,99.0,False,97.0,False,94.0,True,-0.6005757239809668,0.2098334129642406,-0.8104091369452074,34.36584057344757
2019-08-06,95.01000213623047,96.13999938964844,94.20999908447266,95.8499984741211,92.54571533203125,765900,NDAQ,,False,,False,,False,,96.0,False,97.0,False,98.0,False,97.0,False,94.0,True,-0.719263420459967,0.02401404627939907,-0.7432774667393661,41.04128647561552
2019-08-07,94.88999938964844,96.4800033569336,93.45999908447266,96.12000274658203,92.8064193725586,945000,NDAQ,,False,,False,,False,,96.0,True,97.0,False,98.0,False,97.0,False,94.0,True,-0.782516819949933,-0.13729212696646736,-0.6452246929834657,42.188733154900866
2019-08-08,96.79000091552734,98.37999725341797,96.05000305175781,98.26000213623047,94.87264251708984,742600,NDAQ,,False,,False,,False,,97.0,True,97.0,True,98.0,True,97.0,True,94.0,True,-0.6524445540518968,-0.24032261238355326,-0.4121219416683436,50.42409786611252
2019-08-09,97.91999816894531,98.97000122070312,97.41999816894531,98.54000091552734,95.14297485351562,586900,NDAQ,,False,,False,,False,,97.0,True,98.0,True,98.0,True,97.0,True,94.0,True,-0.5207647330875602,-0.2964110365243547,-0.22435369656320553,51.39962013182335
2019-08-12,97.91000366210938,98.16999816894531,96.56999969482422,96.58000183105469,93.25055694580078,498500,NDAQ,98.11,False,,False,,False,764998.0,97.0,False,97.0,False,98.0,False,97.0,False,94.0,True,-0.5680153446764251,-0.3507318981547688,-0.21728344652165632,44.760029033554275
2019-08-13,96.2699966430664,98.4800033569336,96.0999984741211,97.93000030517578,94.55402374267578,573200,NDAQ,98.25,False,,False,,False,763690.0,97.0,True,97.0,True,98.0,False,97.0,True,94.0,True,-0.49086975929991183,-0.3787594703837974,-0.11211028891611441,49.59015928507018
2019-08-14,96.4000015258789,97.5,95.26000213623047,95.31999969482422,92.03398895263672,560500,NDAQ,98.3,False,,False,,False,761898.0,97.0,False,97.0,False,98.0,False,97.0,False,94.0,True,-0.6330392808785348,-0.4296154324827449,-0.20342384839578986,41.952574675580436
2019-08-15,95.44999694824219,97.3499984741211,95.36000061035156,96.9800033569336,93.63678741455078,465900,NDAQ,98.32,False,,False,,False,751690.0,97.0,False,97.0,False,98.0,False,97.0,False,94.0,True,-0.6047895907689735,-0.46465026413999067,-0.14013932662898287,47.4917048262444
2019-08-16,97.37999725341797,97.97000122070312,96.94000244140625,97.52999877929688,94.16780853271484,585900,NDAQ,98.35,False,,False,,False,751386.0,97.0,True,97.0,True,98.0,False,97.0,True,94.0,True,-0.5318901749018039,-0.47809824629235337,-0.053791928609450534,49.22064705874504
2019-08-19,98.4000015258789,99.68000030517578,98.16999816894531,99.41999816894531,95.99266052246094,621500,NDAQ,98.42,True,,False,,False,751666.0,98.0,True,98.0,True,98.0,True,97.0,True,94.0,True,-0.3179446393655212,-0.446067524906987,0.12812288554146578,54.736220274814094
2019-08-20,99.01000213623047,99.69000244140625,98.44999694824219,98.91000366210938,95.50023651123047,556600,NDAQ,98.46,True,,False,,False,754128.0,98.0,True,98.0,True,98.0,True,97.0,True,94.0,True,-0.18738351503921535,-0.3943307229334327,0.20694720789421733,53.06139063907697
2019-08-21,99.5,99.5,98.5999984741211,99.31999969482422,95.89611053466797,408500,NDAQ,98.54,True,,False,,False,753506.0,99.0,True,98.0,True,98.0,True,98.0,True,94.0,True,-0.05025037496541529,-0.32551465333982926,0.275264278374414,54.27274118563104
2019-08-22,99.62999725341797,100.41999816894531,99.19000244140625,100.12999725341797,96.67817687988281,419600,NDAQ,98.64,True,,False,,False,751284.0,99.0,True,98.0,True,98.0,True,98.0,True,94.0,True,0.12237796309948124,-0.23593613005196717,0.3583140931514484,56.6528089366026
2019-08-23,99.69000244140625,100.44999694824219,97.0,97.5199966430664,94.15815734863281,681400,NDAQ,98.68,False,,False,,False,755344.0,99.0,False,98.0,False,98.0,False,98.0,False,94.0,True,0.0480282879587719,-0.17914324644981935,0.22717153440859125,47.9858130207345
2019-08-26,98.23999786376953,98.69999694824219,97.45999908447266,98.66999816894531,95.26851654052734,598200,NDAQ,98.74,False,,False,,False,759482.0,99.0,False,98.0,True,98.0,True,98.0,True,94.0,True,0.08096780052025565,-0.12712103705580435,0.20808883757606,51.50609001333558
2019-08-27,99.38999938964844,99.38999938964844,97.83999633789062,98.2699966430664,94.88229370117188,494100,NDAQ,98.8,False,,False,,False,760686.0,98.0,True,98.0,True,98.0,True,98.0,True,94.0,True,0.07394344732286129,-0.08690814018007123,0.16085158750293252,50.232619871576105
2019-08-28,98.0199966430664,98.58999633789062,97.30000305175781,98.52999877929688,95.13333129882812,313700,NDAQ,98.85,False,,False,,False,756616.0,99.0,False,98.0,True,98.0,True,98.0,True,94.0,True,0.08833828748205974,-0.05185885464764504,0.14019714212970477,51.07930657620116
2019-08-29,99.63999938964844,99.83000183105469,98.54000091552734,99.7699966430664,96.3305892944336,338800,NDAQ,98.92,True,,False,,False,754832.0,99.0,True,99.0,True,98.0,True,98.0,True,94.0,True,0.19752680052877736,-0.001981723612360556,0.1995085241411379,55.01044521799868
2019-08-30,100.02999877929688,100.38999938964844,99.37999725341797,99.83999633789062,96.39817810058594,385200,NDAQ,98.96,True,,False,,False,753532.0,99.0,True,99.0,True,99.0,True,98.0,True,94.0,True,0.28640635990430496,0.05569589309097255,0.2307104668133324,55.229161381200875
2019-09-03,99.83999633789062,100.0999984741211,99.0199966430664,99.52999877929688,96.09886169433594,363900,NDAQ,98.98,True,,False,,False,741254.0,99.0,True,99.0,True,99.0,True,98.0,True,94.0,True,0.32804830220638337,0.11016637491405473,0.21788192729232864,53.97766362249763
2019-09-04,100.0199966430664,100.16999816894531,99.1500015258789,99.91000366210938,96.46575927734375,405000,NDAQ,99.05,True,,False,,False,736046.0,100.0,False,99.0,True,99.0,True,98.0,True,94.0,True,0.3872490932120627,0.16558291857365634,0.22166617463840635,55.31439713383496
2019-09-05,100.70999908447266,102.11000061035156,100.23999786376953,102.0199966430664,98.50302124023438,608900,NDAQ,99.13,True,,False,,False,732678.0,100.0,True,100.0,True,99.0,True,98.0,True,94.0,True,0.5975369126437187,0.2519737173876688,0.34556319525604984,61.92696559760811
2019-09-06,102.3499984741211,104.44000244140625,102.1500015258789,104.26000213623047,100.66580200195312,751600,NDAQ,99.32,True,,False,,False,720372.0,102.0,True,101.0,True,100.0,True,98.0,True,95.0,True,0.9341726861528912,0.3884135111407133,0.5457591750121779,67.43619071435978
2019-09-09,104.79000091552734,105.26000213623047,102.66999816894531,102.83999633789062,99.29474639892578,537400,NDAQ,99.45,True,,False,,False,719522.0,102.0,True,101.0,True,100.0,True,99.0,True,95.0,True,1.0739960041497483,0.5255300097425203,0.548465994407228,61.373319300208394
2019-09-10,102.88999938964844,102.88999938964844,97.55999755859375,98.1500015258789,94.76644134521484,780700,NDAQ,99.49,False,,False,,False,717050.0,101.0,False,100.0,False,100.0,False,99.0,False,95.0,True,0.7971742767885104,0.5798588631517183,0.21731541363679208,46.502664482238586
2019-09-11,98.08000183105469,98.5999984741211,96.7300033569336,98.18000030517578,94.79537963867188,840300,NDAQ,99.51,False,,False,,False,713222.0,100.0,False,100.0,False,100.0,False,99.0,False,95.0,True,0.5735996149333147,0.5786070135080377,-0.005007398574722988,46.591804822315325
2019-09-12,98.29000091552734,100.01000213623047,98.29000091552734,99.0,96.04692077636719,488100,NDAQ,99.5,False,,False,,False,694982.0,100.0,False,100.0,False,99.0,False,99.0,False,95.0,True,0.4573106148910284,0.5543477337846359,-0.09703711889360744,49.088978435706466
2019-09-13,99.68000030517578,99.88999938964844,97.75,99.5199966430664,96.55140686035156,569500,NDAQ,99.46,True,,False,,False,682754.0,100.0,False,100.0,False,99.0,True,99.0,True,95.0,True,0.4024706961863984,0.5239723262649884,-0.12150163007858994,50.66431562212076
2019-09-16,99.3499984741211,100.5199966430664,98.47000122070312,99.27999877929688,96.3185806274414,632000,NDAQ,99.43,False,,False,,False,680020.0,99.0,True,100.0,False,99.0,True,99.0,True,95.0,True,0.3357732585394757,0.48633251271988587,-0.15055925418041016,49.896906680025936
2019-09-17,99.88999938964844,103.0199966430664,99.2699966430664,102.7300033569336,99.6656723022461,1103200,NDAQ,99.46,True,,False,,False,685290.0,101.0,True,100.0,True,100.0,True,99.0,True,95.0,True,0.5549049958237333,0.5000470093406554,0.054857986483077936,59.413885978949715
2019-09-18,103.22000122070312,103.27999877929688,101.2699966430664,102.62000274658203,99.55894470214844,469600,NDAQ,99.48,True,,False,,False,685510.0,101.0,True,101.0,True,100.0,True,99.0,True,95.0,True,0.711490724256862,0.5423357523238967,0.16915497193296525,59.0288872564466
2019-09-19,102.48999786376953,103.31999969482422,101.16999816894531,101.68000030517578,98.64698791503906,407600,NDAQ,99.46,True,,False,,False,675534.0,101.0,True,101.0,True,100.0,True,99.0,True,95.0,True,0.7510777443785344,0.5840841507348242,0.16699359364371014,55.70689329189878
2019-09-20,101.91000366210938,101.9800033569336,100.58999633789062,100.68000030517578,97.67680358886719,620200,NDAQ,99.39,True,,False,,False,672444.0,101.0,False,101.0,False,100.0,True,99.0,True,95.0,True,0.6937618456775141,0.6060196897233623,0.0877421559541518,52.33275015256659
2019-09-23,100.62000274658203,101.69000244140625,100.05999755859375,100.25,97.2596435546875,764100,NDAQ,99.31,True,,False,,False,677076.0,101.0,False,101.0,False,100.0,True,99.0,True,95.0,True,0.6066480904911629,0.6061453698769225,0.0005027206142403928,50.904948075539934
2019-09-24,101.31999969482422,102.5199966430664,100.61000061035156,101.37000274658203,98.34622955322266,1050200,NDAQ,99.25,True,,False,,False,687666.0,101.0,True,101.0,True,100.0,True,99.0,True,95.0,True,0.6208281527876949,0.609081926459077,0.011746226328617881,54.39507487544378
2019-09-25,101.81999969482422,103.05000305175781,101.12999725341797,102.76000213623047,99.69476318359375,1140600,NDAQ,99.24,True,,False,,False,697190.0,102.0,True,101.0,True,101.0,True,99.0,True,95.0,True,0.7357460656952526,0.6344147543063121,0.10133131138894047,58.35216646205234
2019-09-26,102.4000015258789,102.4000015258789,100.94000244140625,101.81999969482422,98.78280639648438,443000,NDAQ,99.23,True,,False,,False,689982.0,102.0,False,101.0,True,101.0,True,99.0,True,95.0,True,0.7424109472548679,0.6560139928960232,0.08639695435884465,54.88393065733744
2019-09-27,102.56999969482422,102.80000305175781,99.76000213623047,100.08000183105469,97.0947036743164,643100,NDAQ,99.16,True,,False,,False,688716.0,101.0,False,101.0,False,101.0,False,100.0,True,95.0,True,0.6003689485492458,0.6448849840266678,-0.044516035477422,49.069972953011
2019-09-30,100.22000122070312,100.43000030517578,99.1500015258789,99.3499984741211,96.38648223876953,634500,NDAQ,99.12,True,,False,,False,688110.0,101.0,False,101.0,False,100.0,False,99.0,True,95.0,True,0.4240067849242024,0.6007093442061747,-0.17670255928197232,46.82867617291397
2019-10-01,99.30999755859375,99.33000183105469,98.02999877929688,98.58999633789062,95.64915466308594,567100,NDAQ,99.05,False,,False,,False,684848.0,100.0,False,100.0,False,100.0,False,99.0,False,96.0,True,0.2203723634112862,0.5246419480471971,-0.3042695846359109,44.54738658369661
2019-10-02,97.8499984741211,97.94999694824219,95.62999725341797,95.73999786376953,92.88417053222656,856600,NDAQ,98.95,False,,False,,False,678488.0,99.0,False,100.0,False,100.0,False,99.0,False,96.0,False,-0.16903194611886363,0.385907169213985,-0.5549391153328487,37.22408291953909
2019-10-03,95.52999877929688,97.18000030517578,95.30000305175781,97.13999938964844,94.24240112304688,446600,NDAQ,98.93,False,,False,,False,644010.0,98.0,False,99.0,False,100.0,False,99.0,False,96.0,True,-0.3605134692291472,0.23662304152535857,-0.5971365107545057,42.246701194694445
2019-10-04,97.38999938964844,99.33999633789062,97.37999725341797,99.2300033569336,96.27006530761719,542400,NDAQ,98.96,True,,False,,False,631912.0,98.0,True,99.0,True,100.0,False,99.0,True,96.0,True,-0.3397022267631371,0.12135798786765943,-0.46106021463079655,48.82882142831044
2019-10-07,98.9000015258789,99.86000061035156,98.05000305175781,99.01000213623047,96.056640625,658000,NDAQ,98.98,True,,False,,False,629592.0,99.0,True,99.0,True,100.0,False,99.0,True,96.0,True,-0.33707582674740877,0.029671224944645788,-0.36674705169205457,48.20601524922968
2019-10-08,98.63999938964844,98.63999938964844,96.87999725341797,97.08000183105469,94.1842041015625,730100,NDAQ,98.99,False,,False,,False,632200.0,98.0,False,99.0,False,99.0,False,99.0,False,96.0,True,-0.48513692427904687,-0.07329040490009274,-0.4118465193789541,43.02180859663329
2019-10-09,97.97000122070312,98.26000213623047,96.88999938964844,97.33000183105469,94.4267349243164,580500,NDAQ,99.0,False,,False,,False,632064.0,98.0,False,98.0,False,99.0,False,99.0,False,96.0,True,-0.5756675628092154,-0.1737658364819173,-0.4019017263272981,43.86395996536326
2019-10-10,97.37000274658203,98.91000366210938,97.0199966430664,98.55999755859375,95.62004852294922,514700,NDAQ,99.04,False,,False,,False,630510.0,98.0,True,98.0,True,99.0,False,99.0,False,96.0,True,-0.5419164943575367,-0.2473959680570412,-0.2945205263004955,47.94083130077081
2019-10-11,99.75,99.83000183105469,98.23999786376953,99.30999755859375,96.3476791381836,761600,NDAQ,99.08,True,,False,,False,626018.0,98.0,True,99.0,True,99.0,True,99.0,True,96.0,True,-0.4494686031847692,-0.2878104950825868,-0.1616581081021824,50.31052380469523
2019-10-14,99.37999725341797,99.66000366210938,98.23999786376953,98.3499984741211,95.41631317138672,465300,NDAQ,99.08,False,,False,,False,619822.0,98.0,True,99.0,False,99.0,False,99.0,False,96.0,True,-0.4484968934411455,-0.3199477747542986,-0.12854911868684693,47.34010155042805
2019-10-15,98.58000183105469,99.0199966430664,97.77999877929688,97.91999816894531,94.99913787841797,507700,NDAQ,99.16,False,,False,,False,608522.0,98.0,False,98.0,False,99.0,False,99.0,False,96.0,True,-0.4769265253262205,-0.351343524868683,-0.1255830004575375,46.02918436003797
2019-10-16,97.61000061035156,98.23999786376953,96.43000030517578,98.05999755859375,95.13497924804688,967300,NDAQ,99.2,False,,False,,False,612550.0,98.0,True,98.0,True,99.0,False,99.0,False,96.0,True,-0.4825973508445429,-0.377594290063855,-0.10500306078068794,46.54816452310576
2019-10-17,98.04000091552734,98.47000122070312,97.66999816894531,98.33000183105469,95.39691925048828,1102000,NDAQ,99.24,False,,False,,False,615690.0,98.0,True,98.0,True,99.0,False,99.0,False,96.0,True,-0.46000181803898954,-0.3940757956588819,-0.06592602238010764,47.59479972914028
2019-10-18,98.37999725341797,99.05000305175781,97.6500015258789,98.62000274658203,95.67826080322266,676900,NDAQ,99.25,False,,False,,False,614376.0,98.0,True,98.0,True,99.0,False,99.0,False,96.0,True,-0.4139226031431349,-0.3980451571557325,-0.015877445987402372,48.755430240500125
2019-10-21,99.25,99.25,97.58999633789062,98.16000366210938,95.23198699951172,658500,NDAQ,99.24,False,,False,,False,615808.0,98.0,True,98.0,True,99.0,False,99.0,False,96.0,True,-0.4097986711097832,-0.40039585994654264,-0.009402811163240543,46.97814259535872
2019-10-22,98.05999755859375,98.79000091552734,96.62000274658203,97.86000061035156,94.94092559814453,1061700,NDAQ,99.27,False,,False,,False,627072.0,98.0,False,98.0,False,99.0,False,99.0,False,96.0,True,-0.4258294672796268,-0.40548258141315946,-0.020346885866467324,45.805394476607695
2019-10-23,99.7300033569336,101.55999755859375,98.19999694824219,101.30999755859375,98.28802490234375,1365100,NDAQ,99.34,True,,False,,False,642910.0,99.0,True,99.0,True,99.0,True,99.0,True,96.0,True,-0.15832301863805753,-0.3560506688581391,0.19772765022008154,58.60360268943655
2019-10-24,102.0,102.0,100.2699966430664,100.98999786376953,97.97755432128906,706300,NDAQ,99.45,True,,False,,False,645826.0,100.0,True,99.0,True,99.0,True,99.0,True,96.0,True,0.027539015538309286,-0.2793327319788494,0.3068717475171587,57.25306293028757
2019-10-25,99.91000366210938,100.48999786376953,97.41999816894531,98.43000030517578,95.49392700195312,1022000,NDAQ,99.48,False,,False,,False,656948.0,99.0,False,99.0,False,99.0,False,99.0,False,96.0,True,-0.031372746012337416,-0.229740734785547,0.19836798877320957,47.76882778090604
2019-10-28,98.66999816894531,99.08000183105469,98.1500015258789,98.7300033569336,95.78497314453125,623200,NDAQ,99.5,False,,False,,False,657694.0,99.0,False,99.0,False,99.0,False,99.0,False,96.0,True,-0.05323929300138275,-0.19444044642871416,0.14120115342733142,48.83842025489146
2019-10-29,98.41000366210938,100.19000244140625,98.12000274658203,98.63999938964844,95.69766235351562,446200,NDAQ,99.49,False,,False,,False,654188.0,99.0,False,99.0,False,99.0,False,99.0,False,96.0,True,-0.0769442911038567,-0.17094121536374268,0.09399692425988598,48.51741886132674
2019-10-30,98.69000244140625,100.38999938964844,98.12999725341797,100.05999755859375,97.07530212402344,478500,NDAQ,99.51,True,,False,,False,652626.0,99.0,True,99.0,True,99.0,True,99.0,True,96.0,True,0.018636482163117307,-0.1330256758583707,0.151662158021488,53.68918146929609
2019-10-31,99.73999786376953,100.2300033569336,98.97000122070312,99.7699966430664,96.79395294189453,540200,NDAQ,99.52,True,,False,,False,655260.0,99.0,True,99.0,True,99.0,True,99.0,True,96.0,True,0.07017534565312644,-0.09238547155607127,0.1625608172091977,52.52861377542669
2019-11-01,100.45999908447266,100.45999908447266,98.66999816894531,99.2300033569336,96.27006530761719,543600,NDAQ,99.5,False,,False,,False,657740.0,99.0,True,99.0,True,99.0,True,99.0,True,96.0,True,0.06667869056886389,-0.060572639131084245,0.12725132969994812,50.34626275062955
2019-11-04,99.7300033569336,99.77999877929688,98.52999877929688,98.58999633789062,95.64915466308594,553200,NDAQ,99.52,False,,False,,False,655176.0,99.0,False,99.0,False,99.0,False,99.0,False,96.0,True,0.012124583891790053,-0.04603319452650939,0.058157778418299444,47.81091917812599
2019-11-05,98.91999816894531,99.05999755859375,97.9000015258789,98.41999816894531,95.48423767089844,518300,NDAQ,99.52,False,,False,,False,653578.0,99.0,False,99.0,False,99.0,False,99.0,False,96.0,True,-0.04431651696926053,-0.04568985901505962,0.0013733420457990864,47.131982178082986
2019-11-06,98.16000366210938,100.08000183105469,97.9800033569336,99.91999816894531,96.93948364257812,678200,NDAQ,99.55,True,,False,,False,657260.0,99.0,True,99.0,True,99.0,True,99.0,True,96.0,True,0.03162639850393134,-0.030226607511261428,0.061853006015192766,53.41770165655551
2019-11-07,100.44000244140625,100.66999816894531,99.16000366210938,100.52999877929688,97.53128814697266,959300,NDAQ,99.59,True,,False,,False,670172.0,100.0,True,99.0,True,99.0,True,99.0,True,96.0,True,0.1394264362559312,0.0037040012421770997,0.1357224350137541,55.723185228945056
2019-11-08,100.30999755859375,101.26000213623047,100.16000366210938,100.66000366210938,97.65741729736328,919700,NDAQ,99.61,True,,False,,False,681790.0,100.0,True,100.0,True,99.0,True,99.0,True,96.0,True,0.2326670099184014,0.049496602977421957,0.18317040694097944,56.22049392664014
2019-11-11,100.37000274658203,102.58000183105469,100.22000122070312,102.52999877929688,99.47162628173828,825300,NDAQ,99.66,True,,False,,False,690592.0,101.0,True,100.0,True,100.0,True,99.0,True,96.0,True,0.45224066518551354,0.13004541541904027,0.3221952497664733,62.708675367426224
2019-11-12,102.62999725341797,102.62999725341797,101.30000305175781,102.44999694824219,99.39401245117188,809400,NDAQ,99.72,True,,False,,False,699502.0,101.0,True,101.0,True,100.0,True,99.0,True,96.0,True,0.6127356545535463,0.22658346324594147,0.3861521913076048,62.28340160415877
2019-11-13,102.05000305175781,103.75,101.23999786376953,103.2699966430664,100.1895523071289,805700,NDAQ,99.79,True,,False,,False,707516.0,102.0,True,101.0,True,100.0,True,100.0,True,97.0,True,0.7969099306591687,0.34064875672858697,0.45626117393058174,64.91016376571483
2019-11-14,103.2699966430664,103.30999755859375,102.38999938964844,103.26000213623047,100.17985534667969,804600,NDAQ,99.81,True,,False,,False,711430.0,102.0,True,101.0,True,100.0,True,100.0,True,97.0,True,0.9313271386791371,0.45878443311869704,0.47254270556044004,64.85087990623207
2019-11-15,103.11000061035156,104.1500015258789,102.83000183105469,103.58999633789062,100.50001525878906,2597200,NDAQ,99.8,True,,False,,False,748342.0,103.0,True,102.0,True,101.0,True,100.0,True,97.0,True,1.0523506751385412,0.5774976815226659,0.4748529936158753,65.95645479866036
2019-11-18,103.77999877929688,104.68000030517578,103.5199966430664,104.5999984741211,101.4798812866211,972200,NDAQ,99.83,True,,False,,False,757038.0,103.0,True,102.0,True,101.0,True,100.0,True,97.0,True,1.2157470558799588,0.7051475563941245,0.5105994994858343,69.15437719166714
2019-11-19,104.80000305175781,105.23999786376953,103.77999877929688,105.06999969482422,101.93586730957031,888200,NDAQ,99.97,True,,False,,False,759188.0,104.0,True,103.0,True,101.0,True,100.0,True,97.0,True,1.3674024708658834,0.8375985392884764,0.529803931577407,70.54116521337178
2019-11-20,104.9800033569336,105.80999755859375,104.77999877929688,105.69999694824219,102.54706573486328,697100,NDAQ,100.12,True,,False,,False,756324.0,105.0,True,103.0,True,102.0,True,100.0,True,97.0,True,1.520894072955258,0.9742576460218328,0.5466364269334252,72.3365099855564
2019-11-21,105.97000122070312,106.2300033569336,104.47000122070312,104.73999786376953,101.61570739746094,774900,NDAQ,100.24,True,,False,,False,762060.0,105.0,False,104.0,True,102.0,True,101.0,True,97.0,True,1.5472377764239837,1.088853672102263,0.4583841043217207,65.75978712307861
2019-11-22,104.55999755859375,105.02999877929688,103.41999816894531,104.37000274658203,101.25674438476562,712100,NDAQ,100.34,True,,False,,False,764912.0,105.0,False,104.0,True,102.0,True,101.0,True,97.0,True,1.5207298108027771,1.175228899842366,0.34550091096041124,63.36848116946779
2019-11-25,104.79000091552734,105.0199966430664,104.1500015258789,104.63999938964844,101.5186767578125,767300,NDAQ,100.44,True,,False,,False,767618.0,105.0,False,104.0,True,103.0,True,101.0,True,97.0,True,1.504169401164063,1.2410170001067053,0.2631524010573576,64.38622803883999
2019-11-26,104.80999755859375,105.19000244140625,104.37999725341797,104.83000183105469,101.70301818847656,535000,NDAQ,100.48,True,,False,,False,756254.0,105.0,False,104.0,True,103.0,True,101.0,True,97.0,True,1.4892100795232466,1.2906556159900138,0.1985544635332328,65.12063853507046
2019-11-27,105.54000091552734,105.54000091552734,103.80999755859375,104.25,101.14031219482422,1656700,NDAQ,100.52,True,,False,,False,779996.0,105.0,False,104.0,True,103.0,True,101.0,True,97.0,True,1.4142508059082672,1.3153746539736644,0.09887615193460286,60.986282003094
2019-11-29,104.0199966430664,104.87000274658203,103.75,104.80000305175781,101.6739273071289,264700,NDAQ,100.58,True,,False,,False,777138.0,105.0,False,104.0,True,103.0,True,101.0,True,97.0,True,1.383280099302766,1.3289557430394847,0.05432435626328136,63.361725505485474
2019-12-02,104.66999816894531,104.7699966430664,103.76000213623047,104.45999908447266,101.34405517578125,552500,NDAQ,100.66,True,,False,,False,775784.0,105.0,False,104.0,True,103.0,True,101.0,True,97.0,True,1.3161286013036175,1.3263903146923113,-0.01026171338869375,60.893406954833544
2019-12-03,103.95999908447266,104.98999786376953,103.95999908447266,104.4800033569336,101.36346435546875,554200,NDAQ,100.74,True,,False,,False,771586.0,105.0,False,104.0,True,103.0,True,102.0,True,97.0,True,1.2501141946766126,1.3111350906891717,-0.06102089601255911,60.98969602784452
2019-12-04,104.5199966430664,105.62999725341797,104.30999755859375,105.20999908447266,102.07168579101562,604000,NDAQ,100.82,True,,False,,False,762662.0,105.0,True,104.0,True,103.0,True,102.0,True,98.0,True,1.242380467525507,1.2973841660564387,-0.05500369853093168,64.43141822841405
2019-12-05,105.37000274658203,105.4000015258789,104.41000366210938,104.66999816894531,101.54779052734375,598800,NDAQ,100.85,True,,False,,False,751826.0,105.0,False,105.0,False,104.0,True,102.0,True,98.0,True,1.179086101510066,1.2737245531471642,-0.09463845163709816,60.200310607306804
2019-12-06,105.0199966430664,105.62000274658203,104.69000244140625,105.2300033569336,102.09109497070312,601700,NDAQ,100.92,True,,False,,False,755000.0,105.0,True,105.0,True,104.0,True,102.0,True,98.0,True,1.1607323983858038,1.2511261221948922,-0.09039372380908839,62.91976101483373
2019-12-09,105.01000213623047,105.11000061035156,104.36000061035156,104.63999938964844,101.5186767578125,485100,NDAQ,101.01,True,,False,,False,751840.0,105.0,False,105.0,False,104.0,True,102.0,True,98.0,True,1.0860591532670156,1.218112728409317,-0.13205357514230132,58.392784795985186
2019-12-10,104.54000091552734,104.76000213623047,104.29000091552734,104.61000061035156,101.48958587646484,727000,NDAQ,101.12,True,,False,,False,753690.0,105.0,False,105.0,False,104.0,True,102.0,True,98.0,True,1.0127846665403695,1.1770471160355274,-0.1642624494951579,58.163642069559536
2019-12-11,104.52999877929688,104.97000122070312,103.80000305175781,103.88999938964844,100.79105377197266,580100,NDAQ,101.23,True,,False,,False,753950.0,104.0,False,105.0,False,104.0,False,102.0,True,98.0,True,0.8863981802279,1.118917328874002,-0.23251914864610201,52.80744690708608
2019-12-12,103.5999984741211,104.4800033569336,103.20999908447266,104.12999725341797,101.48300170898438,417700,NDAQ,101.39,True,,False,,False,745172.0,104.0,True,104.0,True,104.0,True,102.0,True,98.0,True,0.7964211538139523,1.054418093861992,-0.25799694004803975,54.317571598632135
2019-12-13,103.8499984741211,104.54000091552734,103.47000122070312,104.4800033569336,101.8241195678711,497900,NDAQ,101.54,True,,False,,False,746198.0,104.0,True,104.0,True,104.0,True,102.0,True,98.0,True,0.7447710228149447,0.9924886796525826,-0.2477176568376379,56.503550992753496
2019-12-16,105.16999816894531,106.72000122070312,105.06999969482422,105.19999694824219,102.52581024169922,740600,NDAQ,101.66,True,,False,,False,750162.0,105.0,True,105.0,True,104.0,True,103.0,True,98.0,True,0.7532523631017227,0.9446414163424107,-0.191389053240688,60.672537621693955
2019-12-17,105.55999755859375,106.29000091552734,104.87999725341797,106.0,103.30547332763672,700500,NDAQ,101.8,True,,False,,False,751012.0,105.0,True,105.0,True,104.0,True,103.0,True,98.0,True,0.8151311225765738,0.9187393575892434,-0.10360823501266958,64.71891453056344
2019-12-18,106.2699966430664,106.62000274658203,105.6500015258789,105.91999816894531,103.22750854492188,446100,NDAQ,101.98,True,,False,,False,745332.0,105.0,True,105.0,True,104.0,True,103.0,True,98.0,True,0.8479404761257143,0.9045795812965376,-0.05663910517082327,64.00964905217441
2019-12-19,106.33999633789062,107.36000061035156,106.0999984741211,107.0199966430664,104.29954528808594,843700,NDAQ,102.17,True,,False,,False,750596.0,106.0,True,105.0,True,105.0,True,103.0,True,98.0,True,0.9517318368006329,0.9140100323973567,0.037721804403276216,69.03459307510998
2019-12-20,107.73999786376953,108.0,106.7699966430664,107.5999984741211,104.86480712890625,861200,NDAQ,102.35,True,,False,,False,757526.0,106.0,True,106.0,True,105.0,True,103.0,True,98.0,True,1.068471859900157,0.9449023978979167,0.12356946200224028,71.30921656223485
2019-12-23,107.62999725341797,107.9000015258789,107.02999877929688,107.16999816894531,104.44573211669922,514800,NDAQ,102.51,True,,False,,False,752590.0,107.0,True,106.0,True,105.0,True,103.0,True,99.0,True,1.113456504822807,0.9786132192828948,0.1348432855399121,67.35872904091597
2019-12-24,107.08000183105469,107.41999816894531,106.41999816894531,106.69000244140625,103.97793579101562,305700,NDAQ,102.67,True,,False,,False,749398.0,107.0,False,106.0,True,105.0,True,103.0,True,99.0,True,1.0977216642625223,1.0024349082788204,0.09528675598370184,63.15289996990812
2019-12-26,106.77999877929688,107.80000305175781,106.77999877929688,107.79000091552734,105.04996490478516,241200,NDAQ,102.87,True,,False,,False,744068.0,107.0,True,106.0,True,105.0,True,104.0,True,99.0,True,1.1606333151578667,1.0340745896546297,0.126558725503237,68.07281652442992
2019-12-27,107.91999816894531,108.27999877929688,107.54000091552734,107.98999786376953,105.24488830566406,465500,NDAQ,103.07,True,,False,,False,734032.0,107.0,True,107.0,True,106.0,True,104.0,True,99.0,True,1.2126506521560714,1.0697898021549181,0.14286085000115323,68.88625129532196
2019-12-30,108.12000274658203,108.12000274658203,106.83000183105469,107.0199966430664,104.29954528808594,379300,NDAQ,103.24,True,,False,,False,719578.0,107.0,True,107.0,True,106.0,True,104.0,True,99.0,True,1.162206580606778,1.0882731578452902,0.07393342276148784,60.79585672253452
2019-12-31,107.04000091552734,107.55999755859375,106.66000366210938,107.0999984741211,104.37751770019531,308800,NDAQ,103.41,True,,False,,False,712216.0,107.0,True,107.0,True,106.0,True,104.0,True,99.0,True,1.1158222651396699,1.0937829793041662,0.02203928583550363,61.200595246733045
2020-01-02,107.26000213623047,107.95999908447266,107.16999816894531,107.81999969482422,105.07920837402344,641300,NDAQ,103.61,True,,False,,False,711872.0,107.0,True,107.0,True,106.0,True,104.0,True,99.0,True,1.1242013488025435,1.0998666532038417,0.024334695598701828,64.72973818465793
2020-01-03,106.9800033569336,108.4800033569336,106.73999786376953,108.27999877929688,105.52751922607422,721600,NDAQ,103.82,True,100.4,True,,False,705070.0,108.0,True,107.0,True,106.0,True,104.0,True,99.0,True,1.1546498302193982,1.1108232886069531,0.043826541612445036,66.80703543380643
2020-01-06,107.79000091552734,108.26000213623047,106.88999938964844,108.20999908447266,105.45930480957031,718400,NDAQ,103.95,True,100.51,True,,False,692136.0,108.0,True,107.0,True,106.0,True,104.0,True,99.0,True,1.1597630541900088,1.1206112417235643,0.0391518124664445,66.16838332730276
2020-01-07,108.0,108.26000213623047,106.38999938964844,106.41999816894531,103.71479034423828,557700,NDAQ,104.06,True,100.61,True,,False,689164.0,107.0,False,107.0,False,106.0,True,105.0,True,99.0,True,1.0077603725386979,1.098041067886591,-0.09028069534789318,52.379093080689266
2020-01-08,106.51000213623047,106.95999908447266,105.23999786376953,105.83000183105469,103.13980102539062,1167000,NDAQ,104.21,True,100.67,True,,False,692064.0,107.0,False,107.0,False,106.0,False,105.0,True,99.0,True,0.830120268820167,1.0444569080733062,-0.21433663925313917,48.771339865831294
2020-01-09,106.2699966430664,107.88999938964844,105.98999786376953,107.3499984741211,104.62114715576172,530000,NDAQ,104.38,True,100.75,True,,False,690200.0,107.0,True,107.0,True,107.0,True,105.0,True,99.0,True,0.8027367828030236,0.9961128830192497,-0.1933761002162261,56.99040142331577
2020-01-10,107.75,107.8499984741211,106.77999877929688,106.83999633789062,104.12411499023438,427300,NDAQ,104.55,True,100.82,True,,False,689822.0,107.0,False,107.0,False,107.0,False,105.0,True,100.0,True,0.7314505560213149,0.9431804176196628,-0.21172986159834783,53.86755552577234
2020-01-13,107.0,107.52999877929688,106.83000183105469,107.08999633789062,104.36776733398438,394800,NDAQ,104.69,True,100.89,True,,False,688148.0,107.0,True,107.0,True,107.0,True,105.0,True,100.0,True,0.6872069247134647,0.8919857190384233,-0.2047787943249586,55.16450629438295
2020-01-14,107.26000213623047,107.26000213623047,106.33000183105469,106.55000305175781,103.84149932861328,705200,NDAQ,104.82,True,100.96,True,,False,691448.0,107.0,False,107.0,False,107.0,False,105.0,True,100.0,True,0.6016353055675125,0.8339156363442413,-0.23228033077672872,51.77841392519786
2020-01-15,106.4000015258789,108.20999908447266,106.4000015258789,107.86000061035156,105.11820220947266,623200,NDAQ,105.0,True,101.04,True,,False,693040.0,107.0,True,107.0,True,107.0,True,105.0,True,100.0,True,0.6322370011607319,0.7935799093075394,-0.16134290814680752,58.44269426980035
2020-01-16,108.55999755859375,108.63999938964844,107.77999877929688,108.30999755859375,105.55675506591797,1085300,NDAQ,105.19,True,101.13,True,,False,703682.0,108.0,True,107.0,True,107.0,True,105.0,True,100.0,True,0.6849049009734784,0.7718449076407273,-0.08694000666724888,60.463983412485355
2020-01-17,108.45999908447266,109.37000274658203,108.02999877929688,109.30999755859375,106.53132629394531,790800,NDAQ,105.41,True,101.22,True,,False,709132.0,108.0,True,108.0,True,107.0,True,105.0,True,100.0,True,0.7981358207586879,0.7771030902643196,0.02103273049436838,64.58618213247007
2020-01-21,109.12000274658203,110.1500015258789,108.97000122070312,109.25,106.47286224365234,733800,NDAQ,105.59,True,101.32,True,,False,710244.0,109.0,True,108.0,True,107.0,True,106.0,True,100.0,True,0.8729678094118754,0.7962760340938307,0.07669177531804461,64.1539889215139
2020-01-22,109.37999725341797,109.44999694824219,108.22000122070312,109.13999938964844,106.36565399169922,585900,NDAQ,105.77,True,101.4,True,,False,702776.0,109.0,True,108.0,True,107.0,True,106.0,True,100.0,True,0.9128735317826369,0.819595533631592,0.09327799815104487,63.31740857187268
2020-01-23,109.05000305175781,109.68000030517578,108.4800033569336,109.62999725341797,106.84320068359375,483200,NDAQ,105.95,True,101.49,True,,False,694046.0,109.0,True,108.0,True,108.0,True,106.0,True,100.0,True,0.9728237303877023,0.8502411729828141,0.12258255740488821,65.47702200889287
2020-01-24,109.66000366210938,110.29000091552734,109.23999786376953,110.20999908447266,107.408447265625,695900,NDAQ,106.1,True,101.57,True,,False,691458.0,109.0,True,109.0,True,108.0,True,106.0,True,100.0,True,1.0549749012263732,0.8911879186315259,0.16378698259484725,67.88701897753342
2020-01-27,109.12999725341797,110.27999877929688,109.0,109.77999877929688,106.9893798828125,979600,NDAQ,106.25,True,101.65,True,,False,694862.0,110.0,False,109.0,True,108.0,True,106.0,True,100.0,True,1.0730138295192546,0.9275531008090717,0.1454607287101829,64.30305267030059
2020-01-28,109.83000183105469,111.58999633789062,109.80000305175781,111.13999938964844,108.31481170654297,1058600,NDAQ,106.4,True,101.75,True,,False,699920.0,110.0,True,109.0,True,108.0,True,106.0,True,101.0,True,1.183408892346364,0.9787242591165302,0.20468463322983377,69.74367286983932
2020-01-29,112.1500015258789,115.7699966430664,109.76000213623047,115.33999633789062,112.40805053710938,1275100,NDAQ,106.64,True,101.86,True,,False,709330.0,112.0,True,110.0,True,109.0,True,107.0,True,101.0,True,1.5914571010610246,1.101270827505429,0.4901862735555955,79.92131463512467
2020-01-30,115.25,116.12000274658203,113.4000015258789,115.95999908447266,113.01229858398438,990400,NDAQ,106.89,True,102.0,True,,False,677194.0,113.0,True,111.0,True,110.0,True,107.0,True,101.0,True,1.9424756363789442,1.269511789280132,0.6729638470988122,80.94054143460205
2020-01-31,115.8499984741211,116.80000305175781,115.55000305175781,116.45999908447266,113.49957275390625,912300,NDAQ,107.13,True,102.14,True,,False,675996.0,114.0,True,112.0,True,110.0,True,107.0,True,101.0,True,2.2352397237490607,1.4626573761739177,0.772582347575143,81.74531016378933
2020-02-03,117.27999877929688,118.88999938964844,117.02999877929688,117.79000091552734,114.79576110839844,718800,NDAQ,107.38,True,102.28,True,,False,672608.0,115.0,True,113.0,True,111.0,True,108.0,True,101.0,True,2.545237491274179,1.67917339919397,0.866064092080209,83.71507028195072
2020-02-04,118.94000244140625,120.2300033569336,118.45999908447266,118.66999816894531,115.65339660644531,866700,NDAQ,107.64,True,102.43,True,,False,676000.0,117.0,True,114.0,True,112.0,True,108.0,True,101.0,True,2.829306890704416,1.9092000974960592,0.9201067932083566,84.87777227443983
2020-02-05,119.23999786376953,119.25,115.9000015258789,116.47000122070312,113.50933074951172,1020200,NDAQ,107.88,True,102.54,True,,False,680906.0,117.0,False,115.0,True,112.0,True,109.0,True,101.0,True,2.844127240361729,2.0961855260691933,0.7479417142925358,71.1927966875346
2020-02-06,117.20999908447266,117.2300033569336,115.52999877929688,115.8499984741211,112.90509033203125,910600,NDAQ,108.11,True,102.63,True,,False,684876.0,116.0,False,115.0,True,112.0,True,109.0,True,102.0,True,2.7738680104187665,2.231722022939108,0.5421459874796586,67.87160171914631
2020-02-07,115.97000122070312,116.30000305175781,114.23999786376953,114.33000183105469,111.4237289428711,959400,NDAQ,108.3,True,102.72,True,,False,688718.0,116.0,False,115.0,False,113.0,True,109.0,True,102.0,True,2.56595728027105,2.2985690744054965,0.26738820586555345,60.4288070634143
2020-02-10,114.12000274658203,115.8499984741211,114.01000213623047,115.7300033569336,112.78814697265625,941300,NDAQ,108.52,True,102.82,True,,False,696844.0,116.0,False,115.0,True,113.0,True,109.0,True,102.0,True,2.4855036130713444,2.335955982138666,0.1495476309326782,64.31080463194388
2020-02-11,115.72000122070312,116.68000030517578,114.68000030517578,114.80000305175781,111.88177490234375,463000,NDAQ,108.73,True,102.91,True,,False,672970.0,115.0,False,115.0,False,113.0,True,110.0,True,102.0,True,2.319957227096623,2.332756231130258,-0.012799004033634986,60.0934282450191
2020-02-12,114.9000015258789,115.05999755859375,112.94000244140625,114.05999755859375,111.16059112548828,582600,NDAQ,108.92,True,102.98,True,,False,679328.0,115.0,False,115.0,False,113.0,True,110.0,True,102.0,True,2.1047856064127757,2.2871621061867615,-0.18237649977398585,56.89616810949575
2020-02-13,114.16999816894531,114.9000015258789,113.94999694824219,114.4000015258789,111.49195098876953,409800,NDAQ,109.11,True,103.05,True,,False,676474.0,115.0,False,115.0,False,113.0,True,110.0,True,102.0,True,1.9393405151599836,2.217597787981406,-0.2782572728214223,58.00181199844305
2020-02-14,114.63999938964844,116.25,114.63999938964844,116.19999694824219,113.24618530273438,530400,NDAQ,109.35,True,103.13,True,,False,675998.0,115.0,True,115.0,True,114.0,True,110.0,True,102.0,True,1.9312069244791132,2.1603196152809474,-0.22911269080183416,63.36009694331034
2020-02-18,113.5,116.16000366210938,113.12999725341797,115.66999816894531,112.72966003417969,1085100,NDAQ,109.56,True,103.21,True,,False,685620.0,115.0,True,115.0,True,114.0,True,110.0,True,103.0,True,1.8605472921273645,2.100365150650231,-0.23981785852286652,60.896466853291635
2020-02-19,115.97000122070312,117.33000183105469,115.19999694824219,115.2699966430664,112.3398208618164,726400,NDAQ,109.77,True,103.29,True,,False,688172.0,115.0,True,115.0,True,114.0,True,111.0,True,103.0,True,1.752075409535209,2.0307072024272266,-0.27863179289201767,59.030901179814826
2020-02-20,115.55000305175781,115.80000305175781,113.31999969482422,114.48999786376953,111.57965850830078,692300,NDAQ,109.96,True,103.37,True,,False,689984.0,115.0,False,115.0,False,114.0,True,111.0,True,103.0,True,1.584901520158283,1.9415460659734378,-0.3566445458151548,55.462799736191336
2020-02-21,114.23999786376953,115.44999694824219,113.98999786376953,115.18000030517578,112.25212097167969,2527200,NDAQ,110.17,True,103.45,True,,False,730826.0,115.0,True,115.0,True,114.0,True,111.0,True,103.0,True,1.4909062002155196,1.8514180928218542,-0.36051189260633465,57.88777522535622
2020-02-24,112.83999633789062,115.41999816894531,112.38999938964844,114.73999786376953,111.82330322265625,1217800,NDAQ,110.37,True,103.53,True,,False,740642.0,115.0,False,115.0,False,114.0,True,111.0,True,103.0,True,1.3651728493765063,1.7541690441327846,-0.38899619475627834,55.80127838456348
2020-02-25,114.91000366210938,115.31999969482422,111.8499984741211,112.41000366210938,109.55253601074219,963600,NDAQ,110.54,True,103.61,True,,False,748312.0,114.0,False,115.0,False,114.0,False,111.0,True,103.0,True,1.0652378051465234,1.6163827963355326,-0.5511449911890092,46.28702745423931
2020-02-26,112.47000122070312,114.66000366210938,112.47000122070312,113.0199966430664,110.14703369140625,948100,NDAQ,110.72,True,103.69,True,,False,758920.0,114.0,False,114.0,False,114.0,False,111.0,True,103.0,True,0.8667669079469817,1.4664596186578225,-0.5996927107108407,48.75064634847068
2020-02-27,112.0,112.51000213623047,107.31999969482422,107.44999694824219,104.71862030029297,1342500,NDAQ,110.78,False,103.75,True,,False,775812.0,112.0,False,113.0,False,113.0,False,111.0,False,103.0,True,0.2570616207198242,1.2245800190702227,-0.9675183983503985,33.59717535866744
2020-02-28,105.2300033569336,105.44999694824219,100.47000122070312,102.55000305175781,99.94319152832031,2281000,NDAQ,110.72,False,103.78,False,,False,806620.0,109.0,False,111.0,False,112.0,False,111.0,False,103.0,False,-0.6144398880320665,0.8567760376497648,-1.4712159256818313,25.954173048791375
2020-03-02,103.0,110.3499984741211,103.0,110.12000274658203,107.32073974609375,1264100,NDAQ,110.81,False,103.86,True,,False,817892.0,109.0,True,111.0,False,112.0,False,111.0,False,103.0,True,-0.6863634319054768,0.5481481437387166,-1.2345115756441933,46.28455062062985
2020-03-03,110.73999786376953,114.06999969482422,109.12999725341797,110.06999969482422,107.27201843261719,1317200,NDAQ,110.89,False,103.95,True,,False,835314.0,109.0,True,111.0,False,112.0,False,111.0,False,103.0,True,-0.7388808287339117,0.29074234924419096,-1.0296231779781027,46.19432729402789
2020-03-04,112.16999816894531,116.55000305175781,110.5,116.37000274658203,113.411865234375,1206500,NDAQ,111.08,True,104.08,True,,False,842570.0,112.0,True,112.0,True,112.0,True,111.0,True,103.0,True,-0.2690422970064503,0.17878541999406272,-0.44782771700051305,57.44876673370926
2020-03-05,112.56999969482422,114.58999633789062,111.58999633789062,114.0999984741211,111.19957733154297,1645100,NDAQ,111.21,True,104.2,True,,False,858248.0,113.0,True,112.0,True,112.0,True,111.0,True,104.0,True,-0.0789521380771987,0.12723790837981044,-0.20619004645700914,53.136006516796
2020-03-06,110.87000274658203,112.29000091552734,107.66999816894531,110.5,107.69107818603516,1260000,NDAQ,111.27,False,104.29,True,,False,873152.0,112.0,False,112.0,False,112.0,False,111.0,False,104.0,True,-0.2163007278707596,0.058530181129696435,-0.27483090900045604,47.09746002562539
2020-03-09,102.72000122070312,108.41999816894531,102.45999908447266,105.72000122070312,103.03258514404297,1434200,NDAQ,111.25,False,104.34,True,,False,895722.0,110.0,False,111.0,False,112.0,False,111.0,False,104.0,True,-0.7027555002412953,-0.09372695514450192,-0.6090285450967934,40.513940328209884
2020-03-10,108.31999969482422,108.79000091552734,102.19999694824219,104.69999694824219,102.03851318359375,1989000,NDAQ,111.19,False,104.41,True,,False,930678.0,108.0,False,110.0,False,111.0,False,111.0,False,104.0,True,-1.1572402866510743,-0.3064296214458164,-0.8508106652052578,39.25300601680826
2020-03-11,101.86000061035156,101.95999908447266,97.79000091552734,99.31999969482422,96.7952880859375,1827400,NDAQ,111.02,False,104.43,False,,False,957916.0,105.0,False,108.0,False,110.0,False,110.0,False,104.0,False,-1.9293037573399516,-0.6310044486246436,-1.298299308715308,33.356056317646406
2020-03-12,91.43000030517578,93.31999969482422,88.30000305175781,88.62999725341797,86.78772735595703,1766600,NDAQ,110.65,False,104.38,False,,False,985662.0,100.0,False,104.0,False,108.0,False,109.0,False,103.0,False,-3.364974149845523,-1.1777983888688195,-2.1871757609767033,25.241707599724023
2020-03-13,93.1500015258789,96.37000274658203,85.72000122070312,96.05000305175781,94.0534896850586,1680900,NDAQ,110.43,False,104.36,False,,False,1013104.0,98.0,False,103.0,False,107.0,False,109.0,False,103.0,False,-3.859530557213418,-1.7141448225377394,-2.1453857346756786,36.7441661749838
2020-03-16,87.0,92.77999877929688,83.3499984741211,85.30999755859375,83.53672790527344,1417200,NDAQ,109.98,False,104.28,False,,False,1028622.0,94.0,False,100.0,False,105.0,False,108.0,False,103.0,False,-5.059772846688958,-2.3832704273679832,-2.6765024193209745,29.63628696851596
2020-03-17,87.47000122070312,95.87999725341797,87.0,95.02999877929688,93.05467987060547,2225400,NDAQ,109.71,False,104.27,False,102.73,False,1058698.0,94.0,True,99.0,False,104.0,False,107.0,False,103.0,False,-5.167087673011835,-2.940033876496754,-2.227053796515081,40.798079306105855
2020-03-18,90.44000244140625,95.48999786376953,89.1500015258789,91.56999969482422,89.6666030883789,2265800,NDAQ,109.38,False,104.22,False,102.73,False,1089646.0,93.0,False,97.0,False,103.0,False,107.0,False,103.0,False,-5.468293373615751,-3.4456857759205537,-2.022607597695197,38.459342285859925
2020-03-19,91.7699966430664,92.5999984741211,85.5199966430664,88.0,86.17080688476562,1753500,NDAQ,109.01,False,104.17,False,102.71,False,1113562.0,92.0,False,96.0,False,102.0,False,106.0,False,103.0,False,-5.926750312723144,-3.941898683281072,-1.9848516294420717,36.15629690895065
2020-03-20,89.81999969482422,89.81999969482422,79.66999816894531,80.5,78.82670593261719,2161500,NDAQ,108.51,False,104.07,False,102.63,False,1133452.0,88.0,False,93.0,False,100.0,False,105.0,False,103.0,False,-6.816689506465707,-4.516856847918,-2.2998326585477074,31.842273668100788
2020-03-23,80.56999969482422,80.56999969482422,71.66000366210938,72.86000061035156,71.34551239013672,1793900,NDAQ,107.82,False,103.9,False,102.51,False,1158730.0,83.0,False,89.0,False,97.0,False,104.0,False,102.0,False,-8.045710882999884,-5.222627654934377,-2.8230832280655074,28.156760501973537
2020-03-24,76.91000366210938,83.19000244140625,76.38999938964844,82.98999786376953,81.26494598388672,1975400,NDAQ,107.34,False,103.79,False,102.45,False,1189692.0,83.0,False,88.0,False,96.0,False,103.0,False,102.0,False,-8.108839406986192,-5.79987000534474,-2.308969401641452,38.34628331419509
2020-03-25,82.98999786376953,91.0199966430664,82.27999877929688,86.95999908447266,85.15242767333984,1969100,NDAQ,106.94,False,103.71,False,102.4,False,1221178.0,84.0,True,88.0,False,95.0,False,102.0,False,102.0,False,-7.749195396412432,-6.189735083558279,-1.5594603128541529,41.82841228533983
2020-03-26,88.05000305175781,96.08999633789062,88.05000305175781,93.81999969482422,91.86984252929688,1699300,NDAQ,106.68,False,103.67,False,102.39,False,1241060.0,87.0,True,89.0,True,95.0,False,102.0,False,102.0,False,-6.831876588482842,-6.318163384543192,-0.5137132039396501,47.360805297828854
2020-03-27,90.04000091552734,95.44000244140625,89.27999877929688,92.77999877929688,90.85145568847656,1127300,NDAQ,106.38,False,103.63,False,102.38,False,1251142.0,89.0,True,90.0,True,95.0,False,102.0,False,102.0,False,-6.11828640928114,-6.278187989490783,0.15990158020964262,46.63666314894351
2020-03-30,94.02999877929688,99.83000183105469,92.80999755859375,99.44000244140625,97.3730239868164,1437400,NDAQ,106.2,False,103.64,False,102.4,False,1258184.0,93.0,True,91.0,True,95.0,True,101.0,False,102.0,False,-4.9581993794900825,-6.014190267490643,1.0559908880005606,51.72687218259625
2020-03-31,99.5199966430664,100.4000015258789,94.58000183105469,94.94999694824219,92.97634887695312,1515700,NDAQ,105.92,False,103.61,False,102.39,False,1272682.0,93.0,True,92.0,True,95.0,False,101.0,False,102.0,False,-4.350972664669854,-5.681546746926486,1.330574082256632,48.37656409096315
2020-04-01,90.12000274658203,93.29000091552734,90.0,92.2699966430664,90.35204315185547,1058800,NDAQ,105.58,False,103.57,False,102.38,False,1279182.0,93.0,False,92.0,True,95.0,False,101.0,False,102.0,False,-4.039430702592014,-5.353123538059592,1.3136928354675774,46.442987708039915
2020-04-02,92.05000305175781,94.44999694824219,90.33000183105469,93.95999908447266,92.00691223144531,1237100,NDAQ,105.27,False,103.54,False,102.37,False,1292206.0,93.0,True,92.0,True,95.0,False,101.0,False,102.0,False,-3.6144967118764697,-5.005398172822968,1.3909014609464982,47.8582885563124
2020-04-03,94.52999877929688,95.91999816894531,93.56999969482422,95.22000122070312,93.24073791503906,851900,NDAQ,104.98,False,103.51,False,102.36,False,1299580.0,94.0,True,93.0,True,95.0,True,100.0,False,102.0,False,-3.1398673839313744,-4.63229201504465,1.4924246311132752,48.94163646498237
2020-04-06,99.88999938964844,102.2699966430664,98.06999969482422,101.58999633789062,99.47830963134766,916800,NDAQ,104.81,False,103.52,False,102.38,False,1303998.0,97.0,True,95.0,True,95.0,True,100.0,True,102.0,False,-2.224077076233712,-4.150649027282462,1.92657195104875,54.13035966895762
2020-04-07,104.72000122070312,107.11000061035156,100.22000122070312,100.94000244140625,98.84184265136719,1125500,NDAQ,104.63,False,103.53,False,102.4,False,1306916.0,98.0,True,96.0,True,96.0,True,100.0,True,102.0,False,-1.5330833046661212,-3.627135882759194,2.094052578093073,53.53254527461309
2020-04-08,101.52999877929688,104.80999755859375,101.2300033569336,104.12999725341797,101.96552276611328,744900,NDAQ,104.49,False,103.56,True,102.43,True,1300642.0,100.0,True,97.0,True,97.0,True,101.0,True,102.0,True,-0.719762862682984,-3.0456612787439523,2.3258984160609684,56.09527105019455
2020-04-09,104.77999877929688,108.58999633789062,104.77999877929688,107.91999816894531,105.67675018310547,740600,NDAQ,104.35,True,103.6,True,102.48,True,1289952.0,103.0,True,99.0,True,98.0,True,101.0,True,102.0,True,0.22799268897189506,-2.390930485200783,2.618923174172678,58.98918537828521
2020-04-13,105.29000091552734,106.98999786376953,102.66999816894531,103.29000091552734,101.14299011230469,805600,NDAQ,104.09,False,103.59,False,102.53,True,1286256.0,103.0,True,100.0,True,98.0,True,101.0,True,102.0,True,0.5985934948223246,-1.7930256891961616,2.391619184018486,54.28204976627499
2020-04-14,105.6500015258789,107.87999725341797,104.2699966430664,107.55999755859375,105.32423400878906,1384400,NDAQ,103.91,True,103.63,True,102.58,True,1295698.0,104.0,True,101.0,True,99.0,True,101.0,True,102.0,True,1.2227551860913763,-1.189869514138654,2.4126247002300305,57.63926569566893
2020-04-15,106.11000061035156,108.11000061035156,104.61000061035156,106.0,103.79666137695312,829900,NDAQ,103.68,True,103.68,True,102.63,True,1297920.0,105.0,True,102.0,True,100.0,True,101.0,True,102.0,True,1.5733919744503453,-0.637217216420854,2.2106091908711996,56.02072972881472
2020-04-16,106.88999938964844,108.93000030517578,106.5,108.30999755859375,106.05864715576172,722700,NDAQ,103.47,True,103.75,True,102.69,True,1295040.0,106.0,True,103.0,True,101.0,True,102.0,True,102.0,True,2.014450323571552,-0.10688370842237288,2.121334031993925,57.905679177241126
2020-04-17,111.0999984741211,111.91000366210938,109.37999725341797,111.23999786376953,108.927734375,773800,NDAQ,103.37,True,103.83,True,102.75,True,1290112.0,108.0,True,105.0,True,101.0,True,102.0,True,102.0,True,2.5707843784403934,0.42864990895018035,2.142134469490213,60.23380553938088
2020-04-20,109.7699966430664,110.87999725341797,108.76000213623047,109.77999877929688,107.49808502197266,922800,NDAQ,103.25,True,103.9,True,102.79,True,1290356.0,108.0,True,106.0,True,102.0,True,102.0,True,102.0,True,2.860894786445911,0.9150988844493265,1.9457959019965845,58.497640556285894
2020-04-21,107.72000122070312,108.86000061035156,104.76000213623047,105.2699966430664,103.08182525634766,968400,NDAQ,103.06,True,103.94,True,102.81,True,1290536.0,107.0,False,106.0,False,103.0,True,102.0,True,102.0,True,2.6958142258797437,1.27124195273541,1.4245722731443338,53.37926523177534
2020-04-22,108.5,108.5,102.80000305175781,104.62999725341797,102.45514678955078,1362700,NDAQ,102.84,True,103.95,True,102.83,True,1298964.0,106.0,False,105.0,False,103.0,True,103.0,True,102.0,True,2.484701992348775,1.513933960658083,0.9707680316906919,52.67492067086147
2020-04-23,106.97000122070312,106.97000122070312,102.81999969482422,103.8499984741211,101.69134521484375,905100,NDAQ,102.62,True,103.96,False,102.84,True,1307806.0,106.0,False,105.0,False,103.0,True,103.0,True,102.0,True,2.2287628527170966,1.6568997390698859,0.5718631136472108,51.77819718278163
2020-04-24,104.7699966430664,105.75,102.97000122070312,105.62999725341797,103.43434143066406,843600,NDAQ,102.46,True,103.98,True,102.85,True,1313026.0,106.0,False,105.0,True,103.0,True,103.0,True,102.0,True,2.14483593251974,1.7544869777598566,0.3903489547598835,53.714657500716484
2020-04-27,107.11000061035156,111.88999938964844,107.0,111.62999725341797,109.30962371826172,922600,NDAQ,102.4,True,104.06,True,102.89,True,1323282.0,108.0,True,106.0,True,104.0,True,103.0,True,102.0,True,2.5332711268663246,1.9102438075811503,0.6230273192851743,59.603443055641144
2020-04-28,113.52999877929688,114.41999816894531,110.6500015258789,111.20999908447266,108.89836120605469,1006200,NDAQ,102.3,True,104.13,True,102.92,True,1332798.0,109.0,True,107.0,True,105.0,True,103.0,True,102.0,True,2.7752273810183965,2.0832405222685995,0.691986858749797,59.03721814377317
2020-04-29,112.75,113.2300033569336,111.22000122070312,111.5999984741211,109.28025817871094,827000,NDAQ,102.22,True,104.2,True,102.96,True,1327636.0,110.0,True,108.0,True,105.0,True,104.0,True,102.0,True,2.9642787863685385,2.2594481750885875,0.704830611279951,59.42269827919213
2020-04-30,108.75,111.13999938964844,108.31999969482422,109.66999816894531,107.39036560058594,693800,NDAQ,102.11,True,104.24,True,102.99,True,1326984.0,110.0,False,108.0,True,106.0,True,104.0,True,102.0,True,2.9246548911574166,2.3924895183023533,0.5321653728550633,56.58483948467052
2020-05-01,107.0,107.54000091552734,105.83000183105469,106.62000274658203,104.40377044677734,730700,NDAQ,101.95,True,104.28,True,103.01,True,1327752.0,109.0,False,108.0,False,106.0,True,104.0,True,102.0,True,2.61697665020624,2.437386944683131,0.17958970552310927,52.33151773065433
2020-05-04,105.80999755859375,106.62999725341797,104.37999725341797,106.12999725341797,103.92395782470703,722700,NDAQ,101.77,True,104.32,True,103.03,True,1291662.0,108.0,False,108.0,False,106.0,True,104.0,True,103.0,True,2.3070063463002697,2.4113108250065585,-0.10430447870628878,51.65967707569651
2020-05-05,107.54000091552734,109.4800033569336,105.94000244140625,108.83000183105469,106.56783294677734,966500,NDAQ,101.65,True,104.38,True,103.06,True,1286636.0,108.0,True,108.0,True,106.0,True,104.0,True,103.0,True,2.253246429532439,2.3796979459117344,-0.12645151637929564,55.081638367942254
2020-05-06,109.7699966430664,109.7699966430664,105.5999984741211,105.62999725341797,103.43434143066406,710200,NDAQ,101.51,True,104.43,True,103.08,True,1281568.0,107.0,False,107.0,False,106.0,False,104.0,True,103.0,True,1.9301777941959273,2.2897939155685734,-0.3596161213726461,50.51731324217206
2020-05-07,106.75,109.22000122070312,106.44999694824219,107.33000183105469,105.09901428222656,633600,NDAQ,101.4,True,104.5,True,103.12,True,1275278.0,107.0,True,107.0,True,106.0,True,105.0,True,103.0,True,1.7906779146503595,2.1899707153849306,-0.3992928007345711,52.7570201054376
2020-05-08,109.20999908447266,109.29000091552734,107.08000183105469,107.58999633789062,105.35360717773438,895100,NDAQ,101.4,True,104.57,True,103.16,True,1266330.0,107.0,True,107.0,True,106.0,True,105.0,True,103.0,True,1.6817168538462965,2.088319943077204,-0.4066030892309076,53.10660155685013
2020-05-11,105.9800033569336,109.94999694824219,105.8499984741211,109.23999786376953,106.96930694580078,683300,NDAQ,101.54,True,104.64,True,103.22,True,1234376.0,108.0,True,108.0,True,106.0,True,105.0,True,103.0,True,1.7088076902796558,2.0124174925176948,-0.3036098022380389,55.36396537902573
2020-05-12,110.0,110.48999786376953,108.19999694824219,108.5,106.24469757080078,1070400,NDAQ,101.5,True,104.7,True,103.27,True,1230502.0,108.0,True,108.0,True,107.0,True,105.0,True,103.0,True,1.651527944047487,1.9402395828236534,-0.28871163877616635,54.106007372897736
2020-05-13,108.5199966430664,110.30000305175781,107.44999694824219,108.88999938964844,106.6265869140625,927700,NDAQ,101.48,True,104.78,True,103.33,True,1222712.0,108.0,True,108.0,True,107.0,True,105.0,True,103.0,True,1.6189408811418389,1.8759798424872907,-0.2570389613454518,54.690323750058525
2020-05-14,107.3499984741211,109.66999816894531,107.25,109.4800033569336,107.20433044433594,793200,NDAQ,101.34,True,104.86,True,103.4,True,1214446.0,109.0,True,108.0,True,107.0,True,105.0,True,103.0,True,1.6220260813138196,1.8251890902525967,-0.20316300893877703,55.61107544795089
2020-05-15,109.79000091552734,112.25,108.66999816894531,112.08000183105469,109.75028991699219,2078500,NDAQ,101.3,True,104.95,True,103.48,True,1223114.0,110.0,True,109.0,True,108.0,True,106.0,True,103.0,True,1.8133659189133482,1.822824455984747,-0.009458537071398876,59.51538651029992
2020-05-18,114.91999816894531,115.91000366210938,113.86000061035156,114.94000244140625,112.55084228515625,865300,NDAQ,101.39,True,105.06,True,103.56,True,1215220.0,112.0,True,110.0,True,108.0,True,106.0,True,103.0,True,2.170759106246848,1.8924113860371674,0.2783477202096807,63.33563547206982
2020-05-19,114.19999694824219,115.98999786376953,112.41999816894531,112.62999725341797,110.28885650634766,641300,NDAQ,101.53,True,105.15,True,103.64,True,1199362.0,112.0,True,111.0,True,109.0,True,106.0,True,103.0,True,2.24175610005895,1.962280328841524,0.27947577121742606,58.531422405532744
2020-05-20,112.98999786376953,115.61000061035156,112.98999786376953,114.70999908447266,112.32561492919922,531600,NDAQ,101.73,True,105.26,True,103.74,True,1170214.0,113.0,True,111.0,True,109.0,True,107.0,True,103.0,True,2.4377595193399486,2.057376166941209,0.38038335239873966,61.37264063900337
2020-05-21,113.86000061035156,114.69999694824219,113.01000213623047,113.98999786376953,111.6205825805664,722000,NDAQ,102.02,True,105.37,True,103.83,True,1148106.0,113.0,True,112.0,True,110.0,True,107.0,True,103.0,True,2.506106721747983,2.147122277902564,0.35898444384541905,59.844154898992585
2020-05-22,114.08000183105469,115.79000091552734,113.83000183105469,115.33999633789062,112.94251251220703,440600,NDAQ,102.56,True,105.48,True,103.92,True,1121586.0,114.0,True,112.0,True,110.0,True,107.0,True,104.0,True,2.6387876649121154,2.2454553553044745,0.3933323096076409,61.76685409193347
2020-05-26,118.41999816894531,119.2699966430664,116.02999877929688,116.27999877929688,113.86297607421875,611900,NDAQ,102.96,True,105.6,True,104.01,True,1100206.0,115.0,True,113.0,True,111.0,True,107.0,True,104.0,True,2.7876542662507546,2.3538951374937307,0.43375912875702394,63.09199933173892
2020-05-27,117.77999877929688,117.98999786376953,114.22000122070312,115.19000244140625,112.79563903808594,845900,NDAQ,103.56,True,105.72,True,104.1,True,1088780.0,115.0,True,114.0,True,111.0,True,108.0,True,104.0,True,2.785568228764106,2.440229755747806,0.34533847301629983,60.47455838082196
2020-05-28,116.33000183105469,117.6500015258789,115.56999969482422,116.37000274658203,113.95110321044922,714300,NDAQ,103.99,True,105.84,True,104.2,True,1058558.0,115.0,True,114.0,True,112.0,True,108.0,True,104.0,True,2.846320580106095,2.521447920619464,0.32487265948663113,62.298067656189986
2020-05-29,116.31999969482422,118.83000183105469,115.69999694824219,118.45999908447266,115.99767303466797,831700,NDAQ,104.52,True,105.95,True,104.3,True,1029876.0,116.0,True,115.0,True,112.0,True,109.0,True,104.0,True,3.028205228993727,2.6227993822943168,0.40540584669941016,65.34746711520592
2020-06-01,119.30000305175781,119.87000274658203,117.25,118.87999725341797,116.40892791748047,929500,NDAQ,105.14,True,106.07,True,104.42,True,1013396.0,117.0,True,116.0,True,113.0,True,109.0,True,104.0,True,3.1697021129213425,2.732179928419722,0.4375221845016206,65.9435904526987
2020-06-02,119.25,119.80000305175781,118.27999877929688,119.23999786376953,116.7614517211914,519200,NDAQ,105.92,True,106.21,True,104.53,True,980550.0,118.0,True,116.0,True,113.0,True,109.0,True,104.0,True,3.273157530922063,2.8403754489201902,0.43278208200187285,66.47594166939392
2020-06-03,119.97000122070312,120.7300033569336,118.33999633789062,119.33999633789062,116.85936737060547,702800,NDAQ,106.85,True,106.35,True,104.64,True,958728.0,118.0,True,117.0,True,114.0,True,110.0,True,105.0,True,3.324888491326348,2.937278057401422,0.3876104339249262,66.63197047060278
2020-06-04,119.0999984741211,119.37000274658203,116.44000244140625,117.93000030517578,115.47868347167969,601200,NDAQ,107.55,True,106.48,True,104.73,True,931244.0,118.0,False,117.0,True,114.0,True,110.0,True,105.0,True,3.2150496629213734,2.9928323785054123,0.2222172844159611,62.23368983774074
2020-06-05,119.54000091552734,120.25,115.33000183105469,119.9000015258789,117.4077377319336,1076100,NDAQ,108.2,True,106.61,True,104.83,True,913384.0,119.0,True,118.0,True,115.0,True,110.0,True,105.0,True,3.2495059527123544,3.044167093346801,0.20533885936555363,65.64573112593229
2020-06-08,119.37000274658203,121.61000061035156,119.2699966430664,121.30000305175781,118.77864074707031,959200,NDAQ,108.75,True,106.75,True,104.94,True,898582.0,120.0,True,118.0,True,115.0,True,111.0,True,105.0,True,3.351151247886932,3.1055639242548274,0.24558732363210467,67.86750984457521
2020-06-09,120.36000061035156,121.16000366210938,119.1500015258789,120.08999633789062,117.59378814697266,825900,NDAQ,109.3,True,106.89,True,105.04,True,892554.0,120.0,True,119.0,True,116.0,True,111.0,True,105.0,True,3.2960733652464143,3.143665812453145,0.15240755279326912,64.0141461297741
2020-06-10,119.56999969482422,120.83999633789062,119.37999725341797,120.01000213623047,117.51544952392578,513100,NDAQ,109.71,True,107.03,True,105.16,True,874068.0,120.0,True,119.0,True,116.0,True,112.0,True,105.0,True,3.2089777845238814,3.1567282068672924,0.052249577656589,63.75642060784111
2020-06-11,118.48999786376953,118.87000274658203,112.72000122070312,113.25,111.3506088256836,866300,NDAQ,110.08,True,107.13,True,105.23,True,861080.0,118.0,False,118.0,False,116.0,False,112.0,True,105.0,True,2.5649115291072206,3.038364871315278,-0.47345334220805757,46.660172295452526
2020-06-12,115.45999908447266,115.88999938964844,113.12999725341797,115.1500015258789,113.2187271118164,705500,NDAQ,110.53,True,107.24,True,105.31,True,854014.0,117.0,False,117.0,False,116.0,False,112.0,True,105.0,True,2.18263852730837,2.867219602513897,-0.6845810752055268,50.664488163409445
2020-06-15,112.54000091552734,118.36000061035156,112.2300033569336,117.37000274658203,115.40150451660156,781200,NDAQ,111.0,True,107.35,True,105.41,True,844896.0,117.0,True,117.0,True,116.0,True,112.0,True,106.0,True,2.0353576286638315,2.700847207743884,-0.6654895790800524,54.92262205022149
2020-06-16,118.69000244140625,120.0,116.08999633789062,118.52999877929688,116.54204559326172,755900,NDAQ,111.47,True,107.47,True,105.5,True,842976.0,118.0,True,118.0,True,116.0,True,112.0,True,106.0,True,1.9893069485331125,2.5585391559017294,-0.5692322073686169,57.01052262526651
2020-06-17,119.06999969482422,119.66999816894531,117.91000366210938,118.12999725341797,116.14875030517578,593200,NDAQ,111.8,True,107.57,True,105.59,True,836504.0,118.0,True,118.0,True,116.0,True,112.0,True,106.0,True,1.8986482375510718,2.426560972231598,-0.5279127346805264,56.04649505650504
2020-06-18,117.73999786376953,119.38999938964844,116.70999908447266,119.29000091552734,117.28929901123047,768000,NDAQ,112.17,True,107.68,True,105.69,True,829354.0,118.0,True,118.0,True,117.0,True,113.0,True,106.0,True,1.8985182206530595,2.320952421915891,-0.42243420126283127,58.251249898323145
2020-06-19,120.27999877929688,122.1500015258789,118.41000366210938,118.83000183105469,116.8370132446289,989600,NDAQ,112.46,True,107.79,True,105.79,True,834248.0,118.0,True,118.0,True,117.0,True,113.0,True,106.0,True,1.8400857366222994,2.2247790848571727,-0.38469334823487333,57.0295927146446
2020-06-22,119.12000274658203,120.44999694824219,118.12999725341797,119.70999908447266,117.70225524902344,506400,NDAQ,112.7,True,107.9,True,105.88,True,829564.0,119.0,True,118.0,True,117.0,True,113.0,True,106.0,True,1.8435348734905403,2.1485302425838464,-0.30499536909330605,58.809314658453616
2020-06-23,120.22000122070312,120.87999725341797,118.29000091552734,118.5999984741211,116.61087799072266,706000,NDAQ,113.0,True,108.0,True,105.95,True,827572.0,119.0,False,118.0,True,117.0,True,113.0,True,106.0,True,1.7366811870374335,2.066160431474564,-0.3294792444371306,55.67686539070636
2020-06-24,118.2300033569336,118.31999969482422,115.06999969482422,115.27999877929688,113.3465576171875,626700,NDAQ,113.16,True,108.07,True,106.01,True,812418.0,118.0,False,118.0,False,117.0,False,114.0,True,106.0,True,1.3683293922287874,1.9265942236254088,-0.5582648313966214,47.523356584195504
2020-06-25,115.0,118.98999786376953,114.66000366210938,118.69000244140625,116.69937133789062,554900,NDAQ,113.41,True,108.16,True,106.11,True,806918.0,118.0,True,118.0,True,117.0,True,114.0,True,107.0,True,1.336164268005902,1.8085082325015076,-0.47234396449560556,54.83874304318103
2020-06-26,118.12000274658203,118.33999633789062,115.41000366210938,115.81999969482422,113.87750244140625,1053700,NDAQ,113.56,True,108.23,True,106.2,True,813538.0,117.0,False,118.0,False,117.0,False,114.0,True,107.0,True,1.0667906408332186,1.66016471416785,-0.5933740733346313,48.687022582797105
2020-06-29,117.4000015258789,117.68000030517578,116.18000030517578,117.55000305175781,115.5784912109375,749100,NDAQ,113.69,True,108.31,True,106.29,True,813044.0,117.0,True,118.0,False,117.0,True,114.0,True,107.0,True,0.9815917347315803,1.524450118280596,-0.5428583835490157,52.170060849928824
2020-06-30,116.83000183105469,119.9800033569336,116.44999694824219,119.47000122070312,117.46627807617188,629300,NDAQ,113.88,True,108.41,True,106.39,True,807174.0,118.0,True,118.0,True,117.0,True,114.0,True,107.0,True,1.0568164715224526,1.4309233889289674,-0.3741069174065148,55.759217263107146
2020-07-01,119.5999984741211,121.61000061035156,118.83999633789062,120.76000213623047,118.73464965820312,603000,NDAQ,114.19,True,108.52,True,106.5,True,799866.0,119.0,True,118.0,True,118.0,True,114.0,True,107.0,True,1.2066157945029659,1.386061870043767,-0.17944607554080116,58.03760040790208
2020-07-02,122.58000183105469,123.12000274658203,120.0,120.05999755859375,118.04637908935547,756600,NDAQ,114.5,True,108.62,True,106.59,True,787744.0,119.0,True,119.0,True,118.0,True,115.0,True,107.0,True,1.2543885080864499,1.3597271976523038,-0.1053386895658539,56.341968735294486
2020-07-06,121.48999786376953,122.5,120.54000091552734,121.08000183105469,119.04927062988281,478800,NDAQ,114.84,True,108.73,True,106.68,True,779218.0,120.0,True,119.0,True,118.0,True,115.0,True,107.0,True,1.3588901087474596,1.359559779871335,-0.0006696711238753927,58.25580153281213
2020-07-07,120.26000213623047,121.79000091552734,119.76000213623047,120.47000122070312,118.44951629638672,463800,NDAQ,115.14,True,108.84,True,106.77,True,771622.0,120.0,True,119.0,True,118.0,True,115.0,True,107.0,True,1.3766176376846317,1.3629713514339945,0.01364628625063724,56.65624141468157
2020-07-08,120.94999694824219,122.27999877929688,120.45999908447266,121.69999694824219,119.65887451171875,683000,NDAQ,115.34,True,108.95,True,106.88,True,766830.0,121.0,True,120.0,True,119.0,True,115.0,True,108.0,True,1.4729380943173283,1.3849647000106613,0.08797339430666695,59.095143025192215
2020-07-09,122.2699966430664,122.5,119.20999908447266,120.80000305175781,118.77397918701172,563900,NDAQ,115.53,True,109.06,True,106.98,True,757984.0,121.0,False,120.0,True,119.0,True,116.0,True,108.0,True,1.4598228353291915,1.3999363270743674,0.05988650825482411,56.5861552617731
2020-07-10,121.30000305175781,123.0,120.16999816894531,122.87999725341797,120.81908416748047,468800,NDAQ,115.76,True,109.18,True,107.09,True,750820.0,121.0,True,121.0,True,119.0,True,116.0,True,108.0,True,1.5988366532306912,1.4397163923056322,0.15912026092505904,60.73528010268319
2020-07-13,124.0199966430664,126.22000122070312,122.94000244140625,123.0,120.93708038330078,619800,NDAQ,116.03,True,109.3,True,107.19,True,749340.0,122.0,True,121.0,True,120.0,True,116.0,True,108.0,True,1.6991031210776555,1.4915937380600368,0.20750938301761868,60.96705867187105
2020-07-14,122.98999786376953,124.80000305175781,122.95999908447266,124.80000305175781,122.70689392089844,433600,NDAQ,116.39,True,109.43,True,107.3,True,743398.0,123.0,True,122.0,True,120.0,True,117.0,True,108.0,True,1.9018864590344293,1.5736522822549155,0.32823417677951383,64.36498857111548
2020-07-15,126.0,127.36000061035156,125.08000183105469,126.83999633789062,124.71266174316406,534400,NDAQ,116.8,True,109.58,True,107.44,True,739632.0,124.0,True,123.0,True,121.0,True,117.0,True,108.0,True,2.20182288101077,1.6992864020060865,0.5025364790046836,67.78752023665815
2020-07-16,126.54000091552734,127.2699966430664,126.01000213623047,127.02999877929688,124.89948272705078,308100,NDAQ,117.17,True,109.73,True,107.58,True,726464.0,125.0,True,123.0,True,121.0,True,117.0,True,109.0,True,2.4268806954803495,1.844805260700939,0.5820754347794104,68.09487934702267
2020-07-17,127.69999694824219,129.14999389648438,127.22000122070312,128.44000244140625,126.28584289550781,748600,NDAQ,117.62,True,109.89,True,107.73,True,727232.0,126.0,True,124.0,True,122.0,True,118.0,True,109.0,True,2.6880302075495166,2.0134502500706546,0.674579957478862,70.35542316478733
2020-07-20,128.3300018310547,131.6699981689453,128.32000732421875,131.3000030517578,129.09788513183594,790100,NDAQ,118.1,True,110.07,True,107.9,True,730362.0,128.0,True,126.0,True,123.0,True,118.0,True,109.0,True,3.0901499000813146,2.228790180072787,0.8613597200085277,74.32855853390879
2020-07-21,130.69000244140625,131.85000610351562,129.49000549316406,131.00999450683594,128.81272888183594,933300,NDAQ,118.57,True,110.25,True,108.07,True,731126.0,129.0,True,127.0,True,124.0,True,119.0,True,109.0,True,3.346850972981912,2.452402338654612,0.8944486343272997,73.25639020772414
2020-07-22,133.00999450683594,135.32000732421875,131.5500030517578,134.10000610351562,131.85093688964844,1231200,NDAQ,119.07,True,110.44,True,108.25,True,742084.0,131.0,True,128.0,True,124.0,True,119.0,True,109.0,True,3.7563259469499144,2.7131870603136727,1.0431388866362417,77.05428444644807
2020-07-23,134.1999969482422,135.50999450683594,131.0,131.41000366210938,129.20602416992188,938100,NDAQ,119.53,True,110.61,True,108.41,True,739438.0,131.0,True,129.0,True,125.0,True,120.0,True,110.0,True,3.8197454503516894,2.934498738321276,0.8852467120304133,68.00083035401762
2020-07-24,131.2899932861328,131.38999938964844,129.0500030517578,130.55999755859375,128.37025451660156,898700,NDAQ,119.96,True,110.78,True,108.58,True,738858.0,131.0,False,129.0,True,126.0,True,120.0,True,110.0,True,3.758096478088561,3.0992182862747333,0.6588781918138276,65.38650468195257
2020-07-27,130.69000244140625,131.1999969482422,130.1199951171875,130.52999877929688,128.34080505371094,952500,NDAQ,120.38,True,110.93,True,108.74,True,742044.0,131.0,False,129.0,True,126.0,True,121.0,True,110.0,True,3.664575625937502,3.2122897542072875,0.4522858717302145,65.29110087936039
2020-07-28,129.55999755859375,129.9600067138672,127.4000015258789,128.14999389648438,126.00069427490234,704600,NDAQ,120.7,True,111.07,True,108.89,True,714566.0,130.0,False,129.0,False,126.0,True,121.0,True,110.0,True,3.359684818062732,3.2417687669783763,0.11791605108435554,58.05394023363861
2020-07-29,128.77000427246094,131.5399932861328,128.52000427246094,131.00999450683594,128.81272888183594,791900,NDAQ,121.03,True,111.23,True,109.05,True,713098.0,130.0,True,129.0,True,127.0,True,121.0,True,110.0,True,3.3106714438520015,3.255549302353102,0.0551221414988996,63.31608573565647
2020-07-30,129.61000061035156,130.3800048828125,128.6699981689453,129.89999389648438,127.72135162353516,552400,NDAQ,121.37,True,111.38,True,109.21,True,711320.0,130.0,False,129.0,True,127.0,True,122.0,True,111.0,True,3.1459951453528276,3.2336384709530472,-0.08764332560021959,60.16157055616852
2020-07-31,130.6999969482422,131.35000610351562,129.00999450683594,131.30999755859375,129.1077117919922,611900,NDAQ,121.7,True,111.54,True,109.37,True,712926.0,131.0,True,130.0,True,127.0,True,122.0,True,111.0,True,3.093602381450779,3.205631253052594,-0.11202887160181474,62.70352660978637
2020-08-03,131.83999633789062,132.38999938964844,129.9499969482422,130.35000610351562,128.16380310058594,508900,NDAQ,122.03,True,111.69,True,109.54,True,708664.0,130.0,True,130.0,True,128.0,True,122.0,True,111.0,True,2.9407186767754325,3.152648737797162,-0.21193006102172962,59.90111116422697
2020-08-04,130.52999877929688,130.77000427246094,128.7899932861328,129.6999969482422,127.52468872070312,467700,NDAQ,122.32,True,111.84,True,109.69,True,709206.0,130.0,False,130.0,False,128.0,True,123.0,True,111.0,True,2.735572950734152,3.0692335803845605,-0.3336606296504083,58.01057701941056
2020-08-05,130.3000030517578,130.47000122070312,129.0399932861328,130.36000061035156,128.1736602783203,580600,NDAQ,122.6,True,112.0,True,109.85,True,708580.0,130.0,True,130.0,True,128.0,True,123.0,True,111.0,True,2.596321486559731,2.9746511616195948,-0.3783296750598639,59.41134392819713
2020-08-06,129.77999877929688,131.25999450683594,129.5,130.6999969482422,128.50794982910156,588900,NDAQ,122.91,True,112.15,True,110.01,True,703440.0,130.0,True,130.0,True,128.0,True,123.0,True,112.0,True,2.484755842305418,2.8766720977567592,-0.3919162554513411,60.148873013785874
2020-08-07,129.83999633789062,132.8800048828125,129.61000061035156,132.8699951171875,130.64154052734375,727500,NDAQ,123.24,True,112.31,True,110.19,True,703704.0,131.0,True,131.0,True,129.0,True,124.0,True,112.0,True,2.542135822907426,2.8097648427868926,-0.26762901987946686,64.57346264876897
2020-08-10,133.50999450683594,133.50999450683594,130.57000732421875,131.52999877929688,129.32400512695312,741000,NDAQ,123.5,True,112.47,True,110.34,True,701890.0,131.0,True,131.0,True,129.0,True,124.0,True,112.0,True,2.4512271445968565,2.7380573031488855,-0.286830158552029,60.133514443189185
2020-08-11,132.0,132.2899932861328,130.1199951171875,130.47000122070312,128.2817840576172,587700,NDAQ,123.73,True,112.63,True,110.49,True,695054.0,131.0,False,131.0,False,129.0,True,124.0,True,112.0,True,2.267509974356358,2.6439478373903804,-0.3764378630340226,56.806115619263565
2020-08-12,131.14999389648438,133.0500030517578,130.24000549316406,130.4199981689453,128.2326202392578,1055900,NDAQ,123.96,True,112.79,True,110.65,True,705788.0,131.0,False,131.0,False,129.0,True,124.0,True,112.0,True,2.0937426035222018,2.533906790616745,-0.4401641870945432,56.64687986289221
2020-08-13,130.00999450683594,130.77000427246094,129.0500030517578,130.27999877929688,128.094970703125,927000,NDAQ,124.17,True,112.95,True,110.8,True,710272.0,131.0,False,131.0,False,129.0,True,125.0,True,113.0,True,1.922571719466248,2.4116397763866457,-0.4890680569203978,56.17211280659669
2020-08-14,130.07000732421875,130.6300048828125,128.7100067138672,129.24000549316406,127.07244110107422,678400,NDAQ,124.4,True,113.09,True,110.96,True,711816.0,130.0,False,130.0,False,129.0,True,125.0,True,113.0,True,1.683591400363781,2.266030101182073,-0.5824387008182921,52.6424764018596
2020-08-17,129.3800048828125,130.8000030517578,129.0,130.30999755859375,128.12448120117188,839100,NDAQ,124.61,True,113.25,True,111.11,True,707076.0,130.0,True,130.0,True,129.0,True,125.0,True,113.0,True,1.5625253732338535,2.1253291555924294,-0.5628037823585759,55.72497395814519
2020-08-18,130.2899932861328,130.80999755859375,129.3300018310547,130.0500030517578,127.86884307861328,578100,NDAQ,124.78,True,113.41,True,111.26,True,699454.0,130.0,True,130.0,True,129.0,True,125.0,True,113.0,True,1.4291262132763904,1.9860885671292217,-0.5569623538528312,54.7917260250901
2020-08-19,130.82000732421875,131.02000427246094,129.30999755859375,129.8699951171875,127.69184875488281,585800,NDAQ,124.98,True,113.55,True,111.41,True,694652.0,130.0,False,130.0,False,129.0,True,125.0,True,113.0,True,1.2939652559847161,1.8476639049003205,-0.5536986489156044,54.11597792495131
2020-08-20,129.4600067138672,131.47000122070312,129.4600067138672,130.4600067138672,128.27195739746094,517900,NDAQ,125.19,True,113.7,True,111.57,True,694748.0,130.0,True,130.0,True,130.0,True,126.0,True,113.0,True,1.220390328428806,1.7222091896060179,-0.5018188611772119,56.03013919566145
2020-08-21,130.3800048828125,130.66000366210938,129.24000549316406,129.9199981689453,127.74100494384766,479900,NDAQ,125.52,True,113.84,True,111.73,True,687020.0,130.0,False,130.0,False,130.0,False,126.0,True,114.0,True,1.1057609676043114,1.5989195452056766,-0.49315857760136517,53.81723215532221
2020-08-24,130.2899932861328,131.69000244140625,129.69000244140625,131.5800018310547,129.37318420410156,692400,NDAQ,125.85,True,113.99,True,111.89,True,686758.0,131.0,True,130.0,True,130.0,True,126.0,True,114.0,True,1.135772319290652,1.5062901000226718,-0.3705177807320199,59.157324317864656
2020-08-25,131.64999389648438,132.0399932861328,129.75,130.10000610351562,127.91800689697266,496800,NDAQ,126.1,True,114.13,True,112.04,True,681070.0,130.0,True,130.0,True,130.0,True,126.0,True,114.0,True,1.02827987503278,1.4106880550246936,-0.3824081799919137,53.245913084306075
2020-08-26,130.41000366210938,133.5800018310547,130.2100067138672,132.5399932861328,130.31707763671875,645800,NDAQ,126.39,True,114.28,True,112.2,True,678868.0,131.0,True,131.0,True,130.0,True,126.0,True,114.0,True,1.126986711050563,1.3539477862298674,-0.22696107517930453,60.29095882517839
2020-08-27,133.0399932861328,133.27999877929688,131.82000732421875,131.85000610351562,129.63865661621094,508600,NDAQ,126.66,True,114.42,True,112.34,True,677176.0,131.0,True,131.0,True,130.0,True,127.0,True,114.0,True,1.136436260758245,1.310445481135543,-0.17400922037729805,57.645693336292524
2020-08-28,132.6199951171875,132.6199951171875,131.42999267578125,131.83999633789062,129.62881469726562,428100,NDAQ,126.91,True,114.57,True,112.49,True,670378.0,132.0,False,131.0,True,130.0,True,127.0,True,114.0,True,1.1300904137186194,1.2743744676521584,-0.14428405393353905,57.606206356267336
2020-08-31,132.52999877929688,135.11000061035156,132.1300048828125,134.4199981689453,132.16555786132812,1381700,NDAQ,127.22,True,114.73,True,112.65,True,678220.0,132.0,True,132.0,True,131.0,True,127.0,True,115.0,True,1.3180521848831575,1.2831100110983582,0.034942173784799246,64.3790800057831
2020-09-01,134.63999938964844,134.83999633789062,133.2899932861328,134.82000732421875,132.558837890625,508700,NDAQ,127.52,True,114.86,True,112.8,True,678266.0,133.0,True,132.0,True,131.0,True,127.0,True,115.0,True,1.482204705334368,1.32292894994556,0.159275755388808,65.30458212056402
2020-09-02,135.32000732421875,137.94000244140625,135.0,137.27999877929688,134.97756958007812,761100,NDAQ,127.9,True,115.0,True,112.97,True,679368.0,135.0,True,133.0,True,132.0,True,128.0,True,115.0,True,1.7901616427843123,1.4163754885133106,0.3737861542710017,70.39832401110104
2020-09-03,137.80999755859375,137.80999755859375,131.88999938964844,133.25999450683594,131.0249786376953,842400,NDAQ,128.26,True,115.11,True,113.11,True,683682.0,134.0,False,133.0,True,132.0,True,128.0,True,115.0,True,1.690353641640968,1.4711711191388421,0.21918252250212578,55.94404916700177
2020-09-04,134.10000610351562,134.13999938964844,128.60000610351562,130.2899932861328,128.10479736328125,742800,NDAQ,128.49,True,115.19,True,113.24,True,687440.0,133.0,False,133.0,False,132.0,False,128.0,True,115.0,True,1.3559700260834973,1.4481309005277732,-0.0921608744442759,48.08829064977007
2020-09-08,128.80999755859375,129.47999572753906,126.18000030517578,126.44000244140625,124.31938171386719,980700,NDAQ,128.7,False,115.25,True,113.34,True,685980.0,131.0,False,132.0,False,131.0,False,128.0,False,116.0,True,0.7714141342459584,1.3127875472714101,-0.5413734130254517,40.20660084191807
2020-09-09,128.2100067138672,129.9199981689453,127.01000213623047,129.19000244140625,127.02326202392578,654600,NDAQ,128.93,True,115.33,True,113.47,True,684090.0,130.0,False,131.0,False,131.0,False,128.0,True,116.0,True,0.5240109240114634,1.1550322226194207,-0.6310212986079573,46.90116998223059
2020-09-10,129.05999755859375,129.05999755859375,124.72000122070312,124.91000366210938,123.28263854980469,808200,NDAQ,129.04,False,115.39,True,113.57,True,687668.0,128.0,False,130.0,False,130.0,False,128.0,False,116.0,True,-0.01721953846958968,0.9205818704016188,-0.9378014088712084,39.490497385106686
2020-09-11,126.08000183105469,126.80000305175781,124.73999786376953,125.69999694824219,124.06234741210938,551900,NDAQ,129.14,False,115.47,True,113.68,True,686646.0,128.0,False,129.0,False,130.0,False,128.0,False,116.0,True,-0.3780448576054596,0.6608565248002032,-1.0389013824056628,41.333099365853634
2020-09-14,126.2300033569336,128.14999389648438,126.2300033569336,126.98999786376953,125.33554077148438,796000,NDAQ,129.28,False,115.54,True,113.79,True,687434.0,127.0,False,129.0,False,130.0,False,128.0,False,116.0,True,-0.5535284977683546,0.41797952028649166,-0.9715080180548462,44.315028080612386
2020-09-15,128.00999450683594,128.88999938964844,127.29000091552734,128.16000366210938,126.49029541015625,374100,NDAQ,129.42,False,115.63,True,113.91,True,685340.0,128.0,True,129.0,False,130.0,False,128.0,True,116.0,True,-0.5913738672846307,0.21610884277226716,-0.8074827100568979,46.94882218523082
2020-09-16,128.10000610351562,129.86000061035156,127.13999938964844,127.30000305175781,125.64151000976562,542000,NDAQ,129.56,False,115.72,True,114.02,True,686904.0,128.0,False,128.0,False,129.0,False,128.0,False,116.0,True,-0.6828895317794377,0.0363091678619262,-0.7191986996413638,45.25448112783956
2020-09-17,125.44000244140625,125.44000244140625,123.58999633789062,124.44000244140625,122.81877136230469,869600,NDAQ,129.61,False,115.79,True,114.12,True,690636.0,126.0,False,128.0,False,129.0,False,128.0,False,116.0,True,-0.974955818670594,-0.16594382944457786,-0.8090119892260161,40.07483673124557
2020-09-18,125.0,125.48999786376953,121.79000091552734,122.44999694824219,120.85469055175781,1240500,NDAQ,129.65,False,115.83,True,114.21,True,704168.0,125.0,False,127.0,False,128.0,False,128.0,False,116.0,True,-1.3514189509468792,-0.4030388537450382,-0.948380097201841,36.9093024221673
2020-09-21,120.30999755859375,122.83000183105469,119.69000244140625,122.05000305175781,120.45989990234375,909900,NDAQ,129.63,False,115.87,True,114.29,True,712990.0,124.0,False,126.0,False,128.0,False,127.0,False,116.0,True,-1.662876257709712,-0.6550063345379731,-1.007869923171739,36.288816629261085
2020-09-22,122.11000061035156,123.3499984741211,120.26000213623047,123.31999969482422,121.7133560180664,822100,NDAQ,129.64,False,115.92,True,114.39,True,717036.0,124.0,False,125.0,False,127.0,False,127.0,False,116.0,True,-1.786635084840995,-0.8813320845985775,-0.9053030002424176,39.75197770849882
2020-09-23,123.72000122070312,123.72000122070312,119.5999984741211,119.7300033569336,118.17012786865234,599200,NDAQ,129.54,False,115.96,True,114.46,True,720348.0,122.0,False,124.0,False,127.0,False,127.0,False,116.0,True,-2.1496180893500565,-1.1349892855488735,-1.014628803801183,34.10795427432767
2020-09-24,119.56999969482422,122.2699966430664,119.25,121.30000305175781,119.71968078613281,586100,NDAQ,129.42,False,116.0,True,114.54,True,721382.0,122.0,False,124.0,False,126.0,False,127.0,False,117.0,True,-2.28426727005521,-1.364844882450141,-0.9194223876050691,38.237882384803534
2020-09-25,121.1500015258789,124.11000061035156,120.69000244140625,124.02999877929688,122.41410827636719,525100,NDAQ,129.36,False,116.06,True,114.64,True,725722.0,123.0,True,124.0,True,126.0,False,127.0,False,117.0,True,-2.1459526696067712,-1.521066439881467,-0.6248862297253042,44.72544868937325
2020-09-28,125.86000061035156,126.33999633789062,123.9800033569336,125.37000274658203,123.73665618896484,838500,NDAQ,129.3,False,116.15,True,114.75,True,727520.0,124.0,True,124.0,True,126.0,False,126.0,False,117.0,True,-1.9062363252029968,-1.598100416945773,-0.3081359082572237,47.63311885662097
2020-09-29,125.31999969482422,126.36000061035156,118.01000213623047,121.37999725341797,119.79862976074219,2659400,NDAQ,129.1,False,116.2,True,114.83,True,764906.0,123.0,False,124.0,False,126.0,False,126.0,False,117.0,True,-2.0149919200654978,-1.6814787175697181,-0.33351320249577965,40.757936851704656
2020-09-30,122.08000183105469,124.41999816894531,121.30000305175781,122.70999908447266,121.1113052368164,1975800,NDAQ,128.94,False,116.3,True,114.92,True,785756.0,123.0,False,123.0,False,125.0,False,126.0,False,117.0,True,-1.971139411909931,-1.7394108564377608,-0.2317285554721702,43.67623901156001
2020-10-01,123.94000244140625,124.56999969482422,122.87000274658203,123.91999816894531,122.30553436279297,1117300,NDAQ,128.74,False,116.45,True,115.02,True,783478.0,123.0,True,124.0,False,125.0,False,126.0,False,117.0,True,-1.8177947630334188,-1.7550876377568925,-0.06270712527652633,46.26945570173284
2020-10-02,122.66000366210938,124.66999816894531,122.26000213623047,123.54000091552734,121.93049621582031,714700,NDAQ,128.58,False,116.54,True,115.1,True,779010.0,123.0,True,124.0,False,125.0,False,126.0,False,117.0,True,-1.7072505054907765,-1.7455202113036692,0.038269705812892685,45.56002301375004
2020-10-05,124.19000244140625,124.98999786376953,122.69999694824219,124.87000274658203,123.24317169189453,650700,NDAQ,128.46,False,116.64,True,115.2,True,774050.0,124.0,True,124.0,True,125.0,False,126.0,False,117.0,True,-1.4950888983234734,-1.6954339487076302,0.20034505038415684,48.53436307816726
2020-10-06,124.98999786376953,125.79000091552734,123.08999633789062,123.56999969482422,121.96009063720703,766200,NDAQ,128.32,False,116.68,True,115.28,True,770324.0,124.0,False,124.0,False,125.0,False,126.0,False,117.0,True,-1.4155313139500123,-1.6394534217561068,0.22392210780609445,45.89490953388497
2020-10-07,123.37999725341797,124.80000305175781,122.18000030517578,122.9800033569336,121.3777847290039,870400,NDAQ,128.22,False,116.74,True,115.36,True,773640.0,123.0,False,124.0,False,125.0,False,126.0,False,117.0,True,-1.3841336971478313,-1.5883894768344518,0.20425577968662045,44.70660965823287
2020-10-08,123.73999786376953,124.88999938964844,123.31999969482422,124.5999984741211,122.97667694091797,629800,NDAQ,128.09,False,116.84,True,115.45,True,770398.0,124.0,True,124.0,True,125.0,False,126.0,False,117.0,True,-1.214530441619516,-1.5136176697914647,0.29908722817194877,48.63889450219242
2020-10-09,126.0199966430664,126.3499984741211,124.72000122070312,125.05999755859375,123.43067932128906,409300,NDAQ,128.0,False,116.97,True,115.54,True,767536.0,124.0,True,124.0,True,125.0,True,126.0,False,117.0,True,-1.0311145116993004,-1.417117038173032,0.3860025264737317,49.732071989318925
2020-10-12,125.80999755859375,127.31999969482422,125.25,126.37999725341797,124.73348999023438,423200,NDAQ,127.9,False,117.11,True,115.63,True,763762.0,125.0,True,124.0,True,125.0,True,126.0,True,117.0,True,-0.7703628586225477,-1.2877662022629353,0.5174033436403875,52.834369923560814
2020-10-13,126.87000274658203,126.94000244140625,125.33999633789062,126.37999725341797,124.73348999023438,626800,NDAQ,127.82,False,117.29,True,115.72,True,766120.0,125.0,True,125.0,True,125.0,True,126.0,True,117.0,True,-0.5572911890197076,-1.1416711996142896,0.584380010594582,52.834369923560814
2020-10-14,127.30000305175781,128.27999877929688,127.01000213623047,127.6500015258789,125.98695373535156,562100,NDAQ,127.78,False,117.55,True,115.83,True,768008.0,126.0,True,125.0,True,125.0,True,126.0,True,118.0,True,-0.2826929168665373,-0.9698755430647392,0.6871826261982019,55.873129662254904
2020-10-15,126.5,128.44000244140625,126.1500015258789,128.41000366210938,126.73705291748047,410100,NDAQ,127.74,True,117.77,True,115.93,True,764598.0,127.0,True,126.0,True,126.0,True,126.0,True,118.0,True,-0.0037032977097197772,-0.7766410939937354,0.7729377962840156,57.63226901269561
2020-10-16,128.66000366210938,129.89999389648438,127.87999725341797,128.8699951171875,127.19104766845703,727500,NDAQ,127.7,True,118.06,True,116.04,True,767370.0,128.0,True,126.0,True,126.0,True,126.0,True,118.0,True,0.25161499061263726,-0.5709898770724608,0.8226048676850981,58.705297117543935
2020-10-19,129.7100067138672,130.10000610351562,127.38999938964844,127.4800033569336,125.81916046142578,886800,NDAQ,127.59,False,118.27,True,116.13,True,770556.0,128.0,False,127.0,True,126.0,True,126.0,True,118.0,True,0.33790074570976003,-0.3892117525160167,0.7271124982257767,54.23532053916566
2020-10-20,127.51000213623047,131.0800018310547,127.51000213623047,128.99000549316406,127.30949401855469,884400,NDAQ,127.54,True,118.52,True,116.24,True,773424.0,128.0,True,127.0,True,126.0,True,126.0,True,118.0,True,0.522108835405831,-0.2069476349316472,0.7290564703374782,57.97857026229534
2020-10-21,130.47000122070312,134.0399932861328,128.0,132.3699951171875,130.64544677734375,1105900,NDAQ,127.58,True,118.82,True,116.37,True,783788.0,129.0,True,128.0,True,127.0,True,126.0,True,118.0,True,0.9301102564811998,0.020463943350922192,0.9096463131302777,64.89936326290625
2020-10-22,133.1699981689453,133.1699981689453,129.97999572753906,130.08999633789062,128.39515686035156,602300,NDAQ,127.57,True,119.15,True,116.49,True,774716.0,130.0,True,128.0,True,127.0,True,127.0,True,118.0,True,1.0572896979327169,0.22782909426728112,0.8294606036654357,57.96431234849058
2020-10-23,130.55999755859375,130.55999755859375,127.43000030517578,129.1199951171875,127.43778228759766,578700,NDAQ,127.55,True,119.52,True,116.6,True,767750.0,129.0,True,129.0,True,127.0,True,127.0,True,118.0,True,1.0675038102624939,0.3957640374663237,0.6717397727961701,55.25889800969825
2020-10-26,127.76000213623047,128.3699951171875,126.56999969482422,127.37999725341797,125.72045135498047,627100,NDAQ,127.51,False,119.82,True,116.7,True,766724.0,129.0,False,128.0,False,127.0,True,127.0,True,118.0,True,0.9245377859436701,0.501518787161793,0.4230189987818771,50.68860005851265
2020-10-27,127.73999786376953,128.3000030517578,125.06999969482422,125.0999984741211,123.47016143798828,532900,NDAQ,127.41,False,120.07,True,116.79,True,760600.0,128.0,False,128.0,False,127.0,False,127.0,False,119.0,True,0.6201110803830829,0.525237245806051,0.09487383457703191,45.39096221222893
2020-10-28,123.75,124.37999725341797,121.0199966430664,121.7300033569336,120.14408111572266,605400,NDAQ,127.24,False,120.26,True,116.87,True,761146.0,126.0,False,127.0,False,127.0,False,126.0,False,119.0,True,0.10570181647443633,0.44133015993972813,-0.3356283434652918,38.916737940586756
2020-10-29,121.7300033569336,123.69000244140625,120.75,122.01000213623047,120.42041778564453,604100,NDAQ,127.09,False,120.46,True,116.94,True,761512.0,124.0,False,126.0,False,126.0,False,126.0,False,119.0,True,-0.2761938787405711,0.29782535220366835,-0.5740192309442395,39.68647887658992
2020-10-30,121.05999755859375,122.9800033569336,119.76000213623047,120.98999786376953,119.41371154785156,820400,NDAQ,126.9,False,120.6,True,117.0,True,767562.0,123.0,False,125.0,False,126.0,False,126.0,False,119.0,True,-0.6536202613561528,0.1075362294917041,-0.761156490847857,37.81692038444915
2020-11-02,122.44999694824219,124.88999938964844,122.26000213623047,123.18000030517578,121.57518005371094,530400,NDAQ,126.76,False,120.79,True,117.07,True,768572.0,123.0,True,125.0,False,125.0,False,126.0,False,119.0,True,-0.7671749787763531,-0.06740601216190735,-0.6997689666144458,43.924852542099885
2020-11-03,125.08000183105469,126.97000122070312,124.16999816894531,124.91000366210938,123.28263854980469,430500,NDAQ,126.63,False,121.0,True,117.15,True,763334.0,124.0,True,125.0,False,125.0,False,126.0,False,119.0,True,-0.7093936493783559,-0.19580353960519706,-0.5135901097731589,48.249250486890546
2020-11-04,126.04000091552734,131.52999877929688,126.02999877929688,129.3000030517578,127.61544799804688,686700,NDAQ,126.61,True,121.24,True,117.25,True,767132.0,126.0,True,126.0,True,126.0,True,126.0,True,119.0,True,-0.3058397374350079,-0.21781077917115924,-0.08802895826384868,57.257104930980695
2020-11-05,129.55999755859375,133.85000610351562,129.55999755859375,133.2100067138672,131.4745330810547,845400,NDAQ,126.63,True,121.49,True,117.37,True,771124.0,128.0,True,127.0,True,126.0,True,126.0,True,119.0,True,0.325729457075596,-0.1091027319218082,0.43483218899740417,63.37231733546894
2020-11-06,133.22000122070312,133.97000122070312,131.80999755859375,133.1999969482422,131.46463012695312,599800,NDAQ,126.65,True,121.7,True,117.48,True,772948.0,130.0,True,128.0,True,127.0,True,127.0,True,119.0,True,0.8160381101371712,0.07592543648998769,0.7401126736471835,63.347330724249005
2020-11-09,139.5,139.5,129.25,129.67999267578125,127.99049377441406,1014100,NDAQ,126.61,True,121.9,True,117.58,True,784668.0,130.0,False,128.0,True,127.0,True,127.0,True,119.0,True,0.9100854250160353,0.2427574341951972,0.667327990820838,55.11732943543534
2020-11-10,129.27000427246094,129.97999572753906,126.05000305175781,127.12999725341797,125.47371673583984,1240000,NDAQ,126.46,True,122.05,True,117.66,True,781834.0,129.0,False,128.0,False,127.0,True,127.0,True,119.0,True,0.7699794365985184,0.3482018346758615,0.4217776019226569,50.04493935659226
2020-11-11,127.58999633789062,131.32000732421875,127.52999877929688,129.7899932861328,128.0990447998047,659000,NDAQ,126.36,True,122.2,True,117.73,True,784840.0,129.0,True,128.0,True,128.0,True,127.0,True,119.0,True,0.863628508834438,0.45128716950757686,0.4123413393268611,54.7255638348276
2020-11-12,130.27000427246094,130.27999877929688,126.45999908447266,126.8499984741211,125.19735717773438,631500,NDAQ,126.16,True,122.35,True,117.79,True,782248.0,128.0,False,128.0,False,127.0,False,127.0,False,119.0,True,0.6926288680743511,0.4995555092209317,0.19307335885341936,49.23464097088503
2020-11-13,127.44999694824219,128.2100067138672,125.30999755859375,125.81999969482422,124.1807861328125,773300,NDAQ,126.01,False,122.47,True,117.83,True,780866.0,128.0,False,128.0,False,127.0,False,127.0,False,120.0,True,0.468596439294771,0.4933636952356996,-0.0247672559409286,47.43881694657654
2020-11-16,126.55999755859375,126.55999755859375,124.12999725341797,125.52999877929688,123.89456176757812,1092800,NDAQ,125.91,False,122.6,True,117.87,True,787866.0,127.0,False,127.0,False,127.0,False,127.0,False,120.0,True,0.2645983501029434,0.4476106262091484,-0.18301227610620496,46.919900510379144
2020-11-17,125.88999938964844,126.05000305175781,123.66000366210938,124.33000183105469,122.71019744873047,991800,NDAQ,125.87,False,122.71,True,117.9,True,788088.0,126.0,False,127.0,False,127.0,False,127.0,False,120.0,True,0.0060291692512493,0.35929433481756856,-0.35326516556631926,44.739098390628726
2020-11-18,124.02999877929688,124.16000366210938,122.2300033569336,122.7300033569336,121.13104248046875,1001300,NDAQ,125.74,False,122.79,False,117.93,True,795022.0,125.0,False,126.0,False,127.0,False,127.0,False,120.0,True,-0.3242574366935145,0.222583980515352,-0.5468414172088665,41.940038970596795
2020-11-19,124.0999984741211,126.69999694824219,122.86000061035156,124.76000213623047,123.13460540771484,1111600,NDAQ,125.74,False,122.89,True,117.98,True,801090.0,125.0,False,126.0,False,126.0,False,126.0,False,120.0,True,-0.4173965280545531,0.094587878801371,-0.5119844068559241,46.51238427637476
2020-11-20,125.19000244140625,127.37000274658203,124.66000366210938,126.33000183105469,124.68415069580078,945900,NDAQ,125.75,True,123.03,True,118.04,True,808970.0,125.0,True,126.0,True,126.0,True,126.0,True,120.0,True,-0.3603699541428256,0.003596312212531677,-0.3639662663553572,49.80478774626625
2020-11-23,126.80000305175781,127.47000122070312,124.83999633789062,126.01000213623047,124.3683090209961,708500,NDAQ,125.73,True,123.17,True,118.09,True,807220.0,126.0,True,126.0,True,126.0,True,126.0,True,120.0,True,-0.3371112755467749,-0.06454520533932964,-0.2725660702074453,49.1408352243421
2020-11-24,126.12999725341797,127.72000122070312,126.05000305175781,127.2699966430664,125.61189270019531,914100,NDAQ,125.71,True,123.33,True,118.15,True,818020.0,126.0,True,126.0,True,126.0,True,126.0,True,120.0,True,-0.21453455786156894,-0.09454307584377751,-0.11999148201779143,51.86201722353123
2020-11-25,127.19000244140625,128.1999969482422,127.04000091552734,127.33000183105469,125.67111206054688,745200,NDAQ,125.71,True,123.47,True,118.22,True,822084.0,127.0,True,126.0,True,126.0,True,126.0,True,120.0,True,-0.11126709102809684,-0.09788787888064138,-0.013379212147455466,51.99374913336581
2020-11-27,126.97000122070312,127.51000213623047,126.27999877929688,127.12000274658203,125.46385192871094,517600,NDAQ,125.77,True,123.57,True,118.28,True,815044.0,127.0,True,127.0,True,127.0,True,127.0,True,120.0,True,-0.04584359422445061,-0.08747902194940323,0.041635427724952614,51.46297315678548
2020-11-30,127.0199966430664,128.27999877929688,126.43000030517578,127.98999786376953,126.322509765625,1037600,NDAQ,125.88,True,123.69,True,118.34,True,810986.0,127.0,True,127.0,True,127.0,True,127.0,True,120.0,True,0.07533788520333928,-0.054915640518854725,0.130253525722194,53.577311609265486
2020-12-01,127.33000183105469,130.39999389648438,127.33000183105469,129.91000366210938,128.21751403808594,730200,NDAQ,126.03,True,123.81,True,118.41,True,807392.0,128.0,True,127.0,True,127.0,True,127.0,True,120.0,True,0.322584944050476,0.020584476395011417,0.30200046765546457,57.932604544838256
2020-12-02,129.7100067138672,130.0,128.25,129.36000061035156,127.6746597290039,569300,NDAQ,126.16,True,123.94,True,118.48,True,802336.0,129.0,True,128.0,True,127.0,True,127.0,True,120.0,True,0.468745958174523,0.11021677275091374,0.3585291854236093,56.30305967924663
2020-12-03,126.87000274658203,127.04000091552734,123.2699966430664,124.9000015258789,123.74148559570312,1865700,NDAQ,126.26,False,124.06,True,118.53,True,827666.0,127.0,False,127.0,False,127.0,False,127.0,False,120.0,True,0.22213433619782563,0.13260028544029612,0.08953405075752952,45.200135817178165
2020-12-04,124.86000061035156,127.0,124.68000030517578,125.30000305175781,124.13778686523438,850100,NDAQ,126.34,False,124.19,True,118.58,True,832946.0,127.0,False,127.0,False,127.0,False,127.0,False,120.0,True,0.05829761066001993,0.11773975048424089,-0.05944213982422096,46.22437733227974
2020-12-07,125.45999908447266,128.9600067138672,125.44999694824219,128.55999755859375,127.36754608154297,1696100,NDAQ,126.43,True,124.32,True,118.65,True,856366.0,127.0,True,127.0,True,127.0,True,127.0,True,121.0,True,0.1893276853775916,0.13205733746291104,0.05727034791468055,53.80279440806844
2020-12-08,128.5,129.1999969482422,127.30000305175781,128.64999389648438,127.45671081542969,621400,NDAQ,126.49,True,124.47,True,118.73,True,852024.0,128.0,True,127.0,True,127.0,True,127.0,True,121.0,True,0.29700819041107707,0.16504750805254426,0.1319606823585328,53.99554052616159
2020-12-09,128.88999938964844,129.66000366210938,124.08000183105469,126.0999984741211,124.93035125732422,971500,NDAQ,126.59,False,124.6,True,118.8,True,818266.0,127.0,False,127.0,False,127.0,False,127.0,False,121.0,True,0.17457011148343327,0.16695202873872209,0.00761808274471118,47.89760312953735
2020-12-10,125.75,126.36000061035156,124.62999725341797,124.98999786376953,123.83065032958984,702400,NDAQ,126.63,False,124.72,True,118.89,True,792798.0,126.0,False,127.0,False,127.0,False,127.0,False,121.0,True,-0.011893618547560436,0.1311828992814656,-0.14307651782902603,45.48934385715266
2020-12-11,124.55999755859375,125.97000122070312,124.01000213623047,125.66999816894531,124.50434112548828,550600,NDAQ,126.67,False,124.82,True,119.0,True,781464.0,126.0,False,127.0,False,127.0,False,127.0,False,121.0,True,-0.1036028571213734,0.0842257480008978,-0.1878286051222712,47.239469339454935
2020-12-14,126.72000122070312,128.10000610351562,123.9000015258789,124.04000091552734,122.88945770263672,640600,NDAQ,126.68,False,124.93,False,119.07,True,779982.0,125.0,False,126.0,False,127.0,False,127.0,False,121.0,True,-0.30430243625247044,0.006520111150224148,-0.3108225474026946,43.62391521218112
2020-12-15,124.79000091552734,128.3699951171875,124.6500015258789,127.29000091552734,126.10931396484375,851700,NDAQ,126.73,True,125.05,True,119.16,True,784002.0,126.0,True,126.0,True,127.0,True,127.0,True,121.0,True,-0.19881860296484888,-0.03454763167279046,-0.16427097129205842,51.58120234810202
2020-12-16,127.9000015258789,128.30999755859375,126.70999908447266,127.0999984741211,125.92108154296875,1110400,NDAQ,126.8,True,125.17,True,119.21,True,790886.0,126.0,True,126.0,True,127.0,True,127.0,True,121.0,True,-0.12906572488343215,-0.053451250314918805,-0.07561447456851335,51.12686360377319
2020-12-17,127.83999633789062,129.47000122070312,127.30000305175781,128.5,127.30809783935547,1051300,NDAQ,126.91,True,125.28,True,119.28,True,794504.0,127.0,True,127.0,True,127.0,True,127.0,True,121.0,True,0.038735833796152974,-0.035013833492704455,0.07374966728885743,54.31966292943303
2020-12-18,128.19000244140625,129.63999938964844,127.94999694824219,128.60000610351562,127.40717315673828,1709400,NDAQ,126.99,True,125.37,True,119.37,True,816096.0,128.0,True,127.0,True,127.0,True,127.0,True,121.0,True,0.1777405523150719,0.007537043668850819,0.17020350864622108,54.54808406599559
2020-12-21,127.81999969482422,128.57000732421875,124.27999877929688,128.0500030517578,126.86227416992188,1112400,NDAQ,127.05,True,125.47,True,119.49,True,830158.0,128.0,True,127.0,True,127.0,True,127.0,True,121.0,True,0.24074696238409388,0.054179027411899436,0.18656793497219443,52.979042778512
2020-12-22,127.02999877929688,130.3800048828125,126.73999786376953,129.89999389648438,128.69509887695312,1041100,NDAQ,127.12,True,125.57,True,119.61,True,842516.0,128.0,True,128.0,True,127.0,True,127.0,True,121.0,True,0.4349450209931831,0.13033222612815618,0.3046127948650269,57.416048533765185
2020-12-23,130.49000549316406,130.74000549316406,127.94000244140625,127.94999694824219,126.76319885253906,493100,NDAQ,127.15,True,125.67,True,119.76,True,839842.0,128.0,False,128.0,False,127.0,True,127.0,True,121.0,True,0.42658254658503836,0.18958229021953263,0.23700025636550573,51.860993171600946
2020-12-24,127.9800033569336,128.74000549316406,127.58999633789062,128.6199951171875,127.42697143554688,191800,NDAQ,127.17,True,125.75,True,119.96,True,832436.0,128.0,True,128.0,True,127.0,True,127.0,True,121.0,True,0.4686165582143502,0.2453891438184962,0.22322741439585403,53.52479195067336
2020-12-28,129.0800018310547,129.22000122070312,127.91999816894531,128.85000610351562,127.65485382080078,458700,NDAQ,127.18,True,125.84,True,120.12,True,833408.0,129.0,False,128.0,True,128.0,True,127.0,True,121.0,True,0.514557283520304,0.2992227717588578,0.21533451176144625,54.11116013965276
2020-12-29,129.64999389648438,129.8699951171875,128.89999389648438,129.13999938964844,127.9421615600586,303600,NDAQ,127.18,True,125.93,True,120.34,True,824930.0,129.0,True,128.0,True,128.0,True,127.0,True,122.0,True,0.5678201961606959,0.35294225663922546,0.21487793952147044,54.88402480878857
2020-12-30,129.77999877929688,130.52999877929688,129.4600067138672,130.13999938964844,128.93289184570312,399700,NDAQ,127.24,True,126.02,True,120.51,True,815188.0,129.0,True,129.0,True,128.0,True,127.0,True,122.0,True,0.6828515927175545,0.4189241238548913,0.26392746886266316,57.5397070095605
2020-12-31,130.0,132.8699951171875,129.47999572753906,132.74000549316406,131.50877380371094,511300,NDAQ,127.31,True,126.12,True,120.72,True,807726.0,130.0,True,129.0,True,128.0,True,128.0,True,122.0,True,0.9726020160244104,0.5296597022887951,0.4429423137356153,63.547703836286765
2021-01-04,133.72999572753906,133.92999267578125,130.6999969482422,132.00999450683594,130.7855224609375,1443800,NDAQ,127.31,True,126.21,True,120.94,True,814484.0,131.0,True,130.0,True,129.0,True,128.0,True,122.0,True,1.1302961776429186,0.6497869973596199,0.4805091802832987,60.940399557540935
2021-01-05,132.2899932861328,133.0399932861328,131.5399932861328,131.97000122070312,130.74591064453125,1101800,NDAQ,127.34,True,126.29,True,121.2,True,824474.0,131.0,True,130.0,True,129.0,True,128.0,True,122.0,True,1.237774518733545,0.7673845016344049,0.4703900170991401,60.79323964553977
2021-01-06,132.35000610351562,136.49000549316406,131.9199981689453,135.39999389648438,134.1440887451172,1022800,NDAQ,127.47,True,126.4,True,121.51,True,833356.0,133.0,True,131.0,True,130.0,True,128.0,True,122.0,True,1.581493153055078,0.9302062319185396,0.6512869211365384,67.9430861445772
2021-01-07,134.94000244140625,136.8800048828125,134.6699981689453,136.8000030517578,135.53111267089844,881700,NDAQ,127.66,True,126.52,True,121.78,True,838448.0,134.0,True,132.0,True,130.0,True,129.0,True,122.0,True,1.9444473073965867,1.133054447014149,0.8113928603824376,70.32207120513159
2021-01-08,135.42999267578125,139.13999938964844,135.42999267578125,138.80999755859375,137.52244567871094,787100,NDAQ,127.93,True,126.65,True,122.04,True,843532.0,136.0,True,133.0,True,131.0,True,129.0,True,122.0,True,2.3669955963017912,1.3798426768716774,0.9871529194301139,73.37683961794679
2021-01-11,138.2100067138672,141.8699951171875,138.0,140.89999389648438,139.5930633544922,1129200,NDAQ,128.31,True,126.78,True,122.27,True,854008.0,137.0,True,135.0,True,132.0,True,129.0,True,123.0,True,2.837800993807946,1.671434340258931,1.166366653549015,76.12830070910228
2021-01-12,140.99000549316406,142.67999267578125,140.86000061035156,141.9199981689453,140.60362243652344,946500,NDAQ,128.71,True,126.93,True,122.52,True,860856.0,139.0,True,136.0,True,133.0,True,130.0,True,123.0,True,3.255693871209303,1.9882862464490054,1.2674076247602974,77.35816324255114
2021-01-13,142.07000732421875,143.5,142.0,142.49000549316406,141.1683349609375,1414500,NDAQ,129.14,True,127.08,True,122.73,True,872738.0,140.0,True,137.0,True,134.0,True,130.0,True,123.0,True,3.5914715660202603,2.3089233103632565,1.2825482556570038,78.03906916103998
2021-01-14,143.22000122070312,143.27000427246094,140.7899932861328,142.1300048828125,140.81167602539062,959100,NDAQ,129.52,True,127.27,True,122.97,True,881312.0,141.0,True,138.0,True,134.0,True,131.0,True,123.0,True,3.784898810234182,2.604118410337442,1.18078039989674,76.47483598456219
2021-01-15,141.44000244140625,142.52000427246094,139.3800048828125,140.0399932861328,138.7410430908203,2754200,NDAQ,129.82,True,127.43,True,123.21,True,927786.0,141.0,False,138.0,True,135.0,True,131.0,True,123.0,True,3.7265870501511813,2.82861213830019,0.8979749118509912,67.9583161205644
2021-01-19,142.2100067138672,143.0,140.24000549316406,142.25999450683594,140.94046020507812,896200,NDAQ,130.08,True,127.6,True,123.45,True,931976.0,141.0,True,139.0,True,136.0,True,132.0,True,123.0,True,3.8155270842145796,3.025995127483068,0.7895319567315116,71.57886361496342
2021-01-20,143.3800048828125,144.3000030517578,141.5,143.6699981689453,142.33738708496094,1267000,NDAQ,130.29,True,127.77,True,123.69,True,940408.0,142.0,True,140.0,True,136.0,True,132.0,True,124.0,True,3.954206581563966,3.2116374182992478,0.7425691632647182,73.61787827423592
2021-01-21,144.08999633789062,144.39999389648438,140.4499969482422,141.39999389648438,140.0884246826172,692700,NDAQ,130.46,True,127.92,True,123.89,True,942266.0,142.0,False,140.0,True,137.0,True,132.0,True,124.0,True,3.8367134642304563,3.3366526274854897,0.5000608367449666,65.47387279691742
2021-01-22,141.2899932861328,141.52999877929688,139.22000122070312,140.4199981689453,139.11752319335938,1127000,NDAQ,130.67,True,128.06,True,124.09,True,944524.0,141.0,False,140.0,True,137.0,True,133.0,True,124.0,True,3.622760924359369,3.393874286860266,0.22888663749910299,62.271118531157136
2021-01-25,140.5399932861328,142.82000732421875,139.72000122070312,142.3000030517578,140.98008728027344,836100,NDAQ,130.97,True,128.22,True,124.28,True,936446.0,142.0,True,141.0,True,138.0,True,133.0,True,124.0,True,3.563821165261828,3.4278636625405787,0.1359575027212494,65.73400615915261
2021-01-26,142.72999572753906,143.30999755859375,140.49000549316406,141.1300048828125,139.82095336914062,971500,NDAQ,131.2,True,128.36,True,124.45,True,942696.0,141.0,True,141.0,True,138.0,True,133.0,True,124.0,True,3.383696757446046,3.4190302815216724,-0.03533352407562651,61.924754623615655
2021-01-27,140.49000549316406,143.64999389648438,137.5500030517578,141.1999969482422,139.8903045654297,1592100,NDAQ,131.49,True,128.51,True,124.64,True,961908.0,141.0,True,141.0,True,138.0,True,134.0,True,125.0,True,3.2095964117278584,3.37714350756291,-0.16754709583505178,62.0663738509813
2021-01-28,141.3699951171875,143.3699951171875,138.9600067138672,139.02999877929688,137.74041748046875,979400,NDAQ,131.75,True,128.67,True,124.79,True,966030.0,141.0,False,140.0,False,138.0,True,134.0,True,125.0,True,2.8635111426398794,3.2744170345783044,-0.41090589193842497,55.21002797006955
2021-01-29,138.10000610351562,138.10000610351562,134.2100067138672,135.27000427246094,134.0153045654297,1122300,NDAQ,131.95,True,128.78,True,124.94,True,966620.0,139.0,False,140.0,False,138.0,False,134.0,True,125.0,True,2.2597865279357165,3.071490933249787,-0.8117044053140705,45.77438697756976
2021-02-01,136.52999877929688,139.07000732421875,135.5,138.61000061035156,137.32432556152344,873300,NDAQ,132.23,True,128.93,True,125.09,True,964250.0,139.0,False,139.0,False,138.0,True,134.0,True,125.0,True,2.0274688137064913,2.8626865093411284,-0.8352176956346371,53.39408776813697
2021-02-02,139.1300048828125,143.11000061035156,138.61000061035156,142.61000061035156,141.28721618652344,903100,NDAQ,132.63,True,129.1,True,125.25,True,962286.0,140.0,True,140.0,True,138.0,True,135.0,True,125.0,True,2.1414367719177108,2.718436561856445,-0.5769997899387342,60.54461990741652
2021-02-03,142.27999877929688,143.10000610351562,141.02000427246094,142.16000366210938,140.8413848876953,879400,NDAQ,132.98,True,129.25,True,125.41,True,957642.0,141.0,True,140.0,True,139.0,True,135.0,True,125.0,True,2.170426876959425,2.608834624877041,-0.43840774791761605,59.4397563949911
2021-02-04,142.66000366210938,145.39999389648438,142.2899932861328,143.57000732421875,142.23831176757812,824100,NDAQ,133.32,True,129.41,True,125.6,True,955206.0,142.0,True,141.0,True,139.0,True,135.0,True,125.0,True,2.280884637408718,2.5432446273833764,-0.26235998997465826,61.792512502684865
2021-02-05,143.82000732421875,144.52000427246094,141.9499969482422,142.58999633789062,141.2674102783203,680100,NDAQ,133.66,True,129.56,True,125.79,True,954638.0,142.0,True,141.0,True,140.0,True,135.0,True,126.0,True,2.2632551159179,2.487246725090281,-0.2239916091723808,59.22123357108181
2021-02-08,143.10000610351562,143.83999633789062,141.9199981689453,142.4499969482422,141.12869262695312,493400,NDAQ,133.96,True,129.7,True,125.98,True,946224.0,142.0,True,141.0,True,140.0,True,136.0,True,126.0,True,2.212482689183446,2.432293917908914,-0.21981122872546788,58.8445303622303
2021-02-09,142.63999938964844,143.97000122070312,142.00999450683594,143.1300048828125,141.8024139404297,420600,NDAQ,134.27,True,129.85,True,126.17,True,939732.0,142.0,True,142.0,True,140.0,True,136.0,True,126.0,True,2.201735891631472,2.3861823126534256,-0.18444642102195363,60.169807768194424
2021-02-10,144.0,144.38999938964844,141.13999938964844,142.47000122070312,141.1485137939453,525100,NDAQ,134.58,True,129.99,True,126.33,True,939882.0,142.0,True,142.0,True,140.0,True,136.0,True,126.0,True,2.115575163903884,2.332060882903517,-0.2164857189996332,58.210522041955144
2021-02-11,143.0399932861328,143.24000549316406,141.60000610351562,142.3699951171875,141.04945373535156,466000,NDAQ,134.87,True,130.13,True,126.48,True,928450.0,142.0,True,142.0,True,141.0,True,137.0,True,126.0,True,2.0159835066983476,2.268845407662483,-0.2528619009641355,57.90285288810396
2021-02-12,142.50999450683594,143.5399932861328,141.8300018310547,141.99000549316406,140.6729736328125,484900,NDAQ,135.11,True,130.26,True,126.63,True,923544.0,142.0,False,142.0,False,141.0,True,137.0,True,126.0,True,1.8846691214249063,2.192010150414968,-0.30734102899006155,56.677052831537864
2021-02-16,143.0500030517578,144.19000244140625,141.38999938964844,143.99000549316406,142.65443420410156,849900,NDAQ,135.4,True,130.4,True,126.81,True,929156.0,143.0,True,142.0,True,141.0,True,137.0,True,127.0,True,1.919853929299876,2.1375789061919495,-0.21772497689207349,61.3186193907344
2021-02-17,143.22000122070312,145.11000061035156,143.0,144.69000244140625,143.34791564941406,778300,NDAQ,135.8,True,130.53,True,127.0,True,907408.0,143.0,True,143.0,True,141.0,True,137.0,True,127.0,True,1.9813819093545533,2.10633950682447,-0.12495759746991686,62.82005318910797
2021-02-18,144.27999877929688,145.47000122070312,143.6300048828125,144.8800048828125,143.5361785888672,709600,NDAQ,136.19,True,130.65,True,127.19,True,904598.0,144.0,True,143.0,True,142.0,True,138.0,True,127.0,True,2.02216463082749,2.0895045316250744,-0.06733990079758456,63.23717302201823
2021-02-19,145.19000244140625,145.8300018310547,144.3000030517578,144.42999267578125,143.09033203125,669200,NDAQ,136.51,True,130.77,True,127.37,True,884060.0,144.0,True,143.0,True,142.0,True,138.0,True,127.0,True,1.9951738846305318,2.070638402226166,-0.0754645175956341,61.477948621955065
2021-02-22,143.44000244140625,143.44000244140625,140.00999450683594,141.6199951171875,140.306396484375,910100,NDAQ,136.77,True,130.86,True,127.55,True,889834.0,143.0,False,143.0,False,142.0,False,138.0,True,127.0,True,1.727130914877506,2.001936904756434,-0.2748059898789279,51.78945109909331
2021-02-23,141.11000061035156,141.38999938964844,138.86000061035156,140.33999633789062,139.0382843017578,990100,NDAQ,137.05,True,130.92,True,127.71,True,890206.0,142.0,False,143.0,False,142.0,False,138.0,True,127.0,True,1.3953351708264847,1.8806165579704441,-0.4852813871439594,48.073014587318994
2021-02-24,139.80999755859375,142.22000122070312,138.4199981689453,141.99000549316406,140.6729736328125,608900,NDAQ,137.39,True,130.99,True,127.88,True,888336.0,142.0,False,142.0,False,142.0,False,138.0,True,128.0,True,1.251104646753305,1.7547141757270164,-0.5036095289737115,52.777339832960344
2021-02-25,142.0800018310547,143.5500030517578,140.17999267578125,140.32000732421875,139.01846313476562,646100,NDAQ,137.69,True,131.03,True,128.04,True,890246.0,142.0,False,142.0,False,142.0,False,138.0,True,128.0,True,0.990626693939646,1.6018966793695424,-0.6112699854298964,48.034168315209165
2021-02-26,140.4499969482422,140.97999572753906,137.8000030517578,138.2899932861328,137.0072784423828,939400,NDAQ,137.97,True,131.08,True,128.19,True,896222.0,140.0,False,141.0,False,141.0,False,138.0,True,128.0,True,0.6133208909028269,1.4041815216761993,-0.7908606307733723,42.97785685757043
2021-03-01,139.67999267578125,142.85000610351562,139.39999389648438,141.8699951171875,140.55409240722656,695500,NDAQ,138.26,True,131.15,True,128.35,True,893098.0,141.0,True,141.0,True,141.0,True,138.0,True,128.0,True,0.5963057110475347,1.2426063595504664,-0.6463006485029317,52.47830981299407
2021-03-02,141.5800018310547,142.2100067138672,139.13999938964844,140.63999938964844,139.3354949951172,619300,NDAQ,138.53,True,131.22,True,128.51,True,883276.0,141.0,False,141.0,False,141.0,False,139.0,True,128.0,True,0.4780599057042707,1.0896970687812273,-0.6116371630769566,49.43107534781796
2021-03-03,140.10000610351562,140.9499969482422,136.5500030517578,136.7100067138672,135.44195556640625,620900,NDAQ,138.7,False,131.28,True,128.63,True,874668.0,139.0,False,140.0,False,141.0,False,138.0,False,128.0,True,0.06646551535072831,0.8850507580951276,-0.8185852427443993,41.19937612075326
2021-03-04,137.6300048828125,140.14999389648438,135.57000732421875,138.0,136.719970703125,1184100,NDAQ,138.89,False,131.32,True,128.75,True,864162.0,139.0,False,140.0,False,141.0,False,138.0,False,128.0,True,-0.15386071654930333,0.6772684631662415,-0.8311291797155448,44.46834257132059
2021-03-05,139.0500030517578,145.11000061035156,138.5,144.6999969482422,143.3578338623047,1198600,NDAQ,139.22,True,131.42,True,128.91,True,865886.0,141.0,True,141.0,True,141.0,True,139.0,True,128.0,True,0.20974510579961247,0.5837637916929157,-0.3740186858933032,57.640367670744595
2021-03-08,144.88999938964844,147.52000427246094,143.86000061035156,144.99000549316406,143.64515686035156,1741700,NDAQ,139.52,True,131.51,True,129.06,True,879898.0,142.0,True,142.0,True,141.0,True,139.0,True,129.0,True,0.5153657895049548,0.5700841912553236,-0.054718401750368795,58.103611216927625
2021-03-09,144.86000061035156,149.5399932861328,144.86000061035156,146.64999389648438,145.2897491455078,1113900,NDAQ,139.89,True,131.62,True,129.22,True,892314.0,144.0,True,143.0,True,142.0,True,139.0,True,129.0,True,0.8813598070374553,0.63233931441175,0.24902049262570536,60.74955563326209
2021-03-10,147.0800018310547,147.30999755859375,144.44000244140625,144.5500030517578,143.20921325683594,738600,NDAQ,140.21,True,131.72,True,129.37,True,903250.0,144.0,True,143.0,True,142.0,True,139.0,True,129.0,True,0.9905426330800537,0.7039799781454107,0.28656265493464306,55.936749356158266
2021-03-11,144.89999389648438,144.89999389648438,142.75,144.10000610351562,143.24899291992188,714500,NDAQ,140.52,True,131.81,True,129.51,True,908366.0,144.0,True,143.0,True,142.0,True,140.0,True,129.0,True,1.0288993056686877,0.7689638436500662,0.2599354620186215,54.93245474444938
2021-03-12,144.55999755859375,145.08999633789062,143.07000732421875,144.4199981689453,143.5670928955078,463800,NDAQ,140.82,True,131.9,True,129.65,True,911570.0,144.0,True,143.0,True,142.0,True,140.0,True,129.0,True,1.0727519141337325,0.8297214577467995,0.243030456386933,55.543694510072285
2021-03-15,144.2899932861328,146.05999755859375,143.10000610351562,145.99000549316406,145.12783813476562,530900,NDAQ,141.14,True,131.99,True,129.8,True,914194.0,145.0,True,144.0,True,143.0,True,140.0,True,129.0,True,1.22012702738013,0.9078025716734657,0.31232445570666423,58.516523926901435
2021-03-16,146.05999755859375,147.0800018310547,144.47999572753906,145.47000122070312,144.61090087890625,899800,NDAQ,141.39,True,132.08,True,129.94,True,921964.0,145.0,True,144.0,True,143.0,True,140.0,True,130.0,True,1.2802054558824807,0.9822831485152688,0.2979223073672119,57.153298007914714
2021-03-17,144.9600067138672,145.77000427246094,142.35000610351562,144.02000427246094,143.16946411132812,1687600,NDAQ,141.64,True,132.17,True,130.06,True,926840.0,145.0,False,144.0,True,143.0,True,140.0,True,130.0,True,1.1970169415344003,1.0252299071190951,0.17178703441530518,53.41641973994277
2021-03-18,144.05999755859375,145.88999938964844,142.8699951171875,144.94000244140625,144.0840301513672,1821900,NDAQ,141.89,True,132.27,True,130.19,True,941242.0,145.0,False,144.0,True,143.0,True,141.0,True,130.0,True,1.191589703695712,1.0585018664344186,0.13308783726129336,55.40857667409055
2021-03-19,145.0,146.8300018310547,143.7899932861328,145.74000549316406,144.8793182373047,2189700,NDAQ,142.1,True,132.37,True,130.32,True,964580.0,145.0,True,145.0,True,144.0,True,141.0,True,130.0,True,1.2375761316979776,1.0943167194871304,0.14325941221084726,57.12560725250252
2021-03-22,145.74000549316406,148.19000244140625,144.75999450683594,147.1199951171875,146.2511444091797,1218200,NDAQ,142.31,True,132.49,True,130.47,True,971310.0,146.0,True,145.0,True,144.0,True,141.0,True,130.0,True,1.3695865950782888,1.1493706946053621,0.22021590047292672,59.98773301772369
2021-03-23,145.85000610351562,148.9499969482422,145.85000610351562,147.57000732421875,146.69850158691406,1298300,NDAQ,142.48,True,132.61,True,130.61,True,981534.0,146.0,True,145.0,True,144.0,True,141.0,True,130.0,True,1.4933041815345405,1.2181573919911979,0.2751467895433426,60.90427664312377
2021-03-24,147.72000122070312,148.61000061035156,146.77999877929688,147.3300018310547,146.4599151611328,643400,NDAQ,142.61,True,132.72,True,130.74,True,971818.0,147.0,True,146.0,True,144.0,True,142.0,True,131.0,True,1.554070465696185,1.2853400067321954,0.2687304589639896,60.11339263718416
2021-03-25,147.52000427246094,147.52000427246094,145.52000427246094,146.57000732421875,145.7044219970703,678700,NDAQ,142.7,True,132.83,True,130.87,True,966462.0,147.0,False,146.0,True,145.0,True,142.0,True,131.0,True,1.523342830625694,1.3329405715108953,0.1904022591147987,57.564263086116206
2021-03-26,146.6699981689453,150.8000030517578,146.3300018310547,150.72000122070312,149.8298797607422,620400,NDAQ,142.87,True,132.97,True,131.02,True,950580.0,148.0,True,147.0,True,145.0,True,142.0,True,131.0,True,1.8129620845706427,1.4289448741228448,0.3840172104477979,66.03426289423632
2021-03-29,149.8300018310547,151.4600067138672,149.14999389648438,150.83999633789062,149.9491729736328,518700,NDAQ,143.04,True,133.11,True,131.21,True,941772.0,149.0,True,148.0,True,146.0,True,142.0,True,131.0,True,2.0287834799490554,1.548912595288087,0.4798708846609685,66.24406151970845
2021-03-30,150.61000061035156,150.86000061035156,147.13999938964844,147.4499969482422,146.57920837402344,706200,NDAQ,143.19,True,133.21,True,131.37,True,900812.0,148.0,False,148.0,False,146.0,True,143.0,True,131.0,True,1.9043269753881304,1.6199954713080957,0.2843315040800347,55.764560432566235
2021-03-31,147.2899932861328,149.17999267578125,147.00999450683594,147.4600067138672,146.5891571044922,888600,NDAQ,143.3,True,133.33,True,131.52,True,900660.0,148.0,False,148.0,False,146.0,True,143.0,True,131.0,True,1.7859150858772637,1.6531793942219295,0.13273569165533416,55.7868014454632
2021-04-01,148.1699981689453,151.52000427246094,147.69000244140625,150.85000610351562,149.95912170410156,654800,NDAQ,143.44,True,133.45,True,131.69,True,888416.0,149.0,True,148.0,True,146.0,True,143.0,True,132.0,True,1.9432172310372664,1.711186961584997,0.23203026945226934,62.638108934029376
2021-04-05,151.0,152.39999389648438,150.7100067138672,152.10000610351562,151.20175170898438,732500,NDAQ,143.65,True,133.59,True,131.86,True,889212.0,150.0,True,149.0,True,147.0,True,143.0,True,132.0,True,2.144029826464191,1.797755534560836,0.346274291903355,64.80387456632678
2021-04-06,151.77000427246094,152.97999572753906,151.33999633789062,152.66000366210938,151.75843811035156,483000,NDAQ,143.9,True,133.73,True,132.02,True,876332.0,151.0,True,150.0,True,147.0,True,144.0,True,132.0,True,2.3216004135786648,1.902524510364402,0.4190759032142628,65.76141950012368
2021-04-07,152.6199951171875,152.69000244140625,150.05999755859375,150.77999877929688,149.88954162597656,680300,NDAQ,144.07,True,133.84,True,132.18,True,873216.0,151.0,False,150.0,True,148.0,True,144.0,True,132.0,True,2.284293784186673,1.9788783651288562,0.30541541905781666,59.87233200061228
2021-04-08,151.88999938964844,153.72000122070312,151.5500030517578,153.52000427246094,152.6133575439453,737700,NDAQ,144.32,True,133.96,True,132.35,True,868540.0,152.0,True,150.0,True,148.0,True,144.0,True,132.0,True,2.447609042275161,2.0726245005581174,0.37498454171704365,64.81749614323749
2021-04-09,154.2100067138672,156.36000061035156,153.80999755859375,156.10000610351562,155.17813110351562,588600,NDAQ,144.61,True,134.09,True,132.54,True,848470.0,153.0,True,151.0,True,149.0,True,145.0,True,133.0,True,2.7534817233998297,2.20879594512646,0.5446857782733696,68.72570354203714
2021-04-12,156.3800048828125,157.24000549316406,155.69000244140625,156.08999633789062,155.16818237304688,591400,NDAQ,144.95,True,134.24,True,132.74,True,840710.0,154.0,True,152.0,True,150.0,True,145.0,True,133.0,True,2.9609483529672787,2.359226426694624,0.6017219262726545,68.69382069403488
2021-04-13,156.38999938964844,158.02999877929688,155.77000427246094,157.92999267578125,156.997314453125,530100,NDAQ,145.41,True,134.42,True,132.94,True,828866.0,155.0,True,153.0,True,150.0,True,146.0,True,133.0,True,3.2365307665858722,2.5346872946728736,0.7018434719129987,71.32704636341056
2021-04-14,156.9199981689453,158.72000122070312,156.77000427246094,157.44000244140625,156.5102081298828,552400,NDAQ,145.78,True,134.63,True,133.15,True,822448.0,156.0,True,154.0,True,151.0,True,146.0,True,133.0,True,3.376471832444196,2.7030442022271384,0.6734276302170574,69.64702149939103
2021-04-15,157.72999572753906,161.1300048828125,157.72999572753906,160.0500030517578,159.1047821044922,658700,NDAQ,146.13,True,134.83,True,133.36,True,817560.0,157.0,True,155.0,True,152.0,True,147.0,True,134.0,True,3.6558391340712717,2.893603188595965,0.7622359454753065,73.25996601068965
2021-04-16,160.9199981689453,161.50999450683594,159.6300048828125,160.1699981689453,159.2240753173828,1012600,NDAQ,146.49,True,135.07,True,133.56,True,820224.0,158.0,True,156.0,True,153.0,True,147.0,True,134.0,True,3.842626925217729,3.083407935920318,0.7592189892974113,73.41663304138152
2021-04-19,159.8699951171875,159.89999389648438,157.4600067138672,158.6300048828125,157.6931915283203,821400,NDAQ,146.79,True,135.29,True,133.75,True,820170.0,158.0,True,157.0,True,153.0,True,148.0,True,134.0,True,3.8223315487296645,3.2311926584821875,0.591138890247477,67.91699559897246
2021-04-20,158.9199981689453,161.25999450683594,158.82000732421875,159.67999267578125,158.73696899414062,1011600,NDAQ,147.14,True,135.51,True,133.95,True,826800.0,159.0,True,157.0,True,154.0,True,148.0,True,134.0,True,3.8466309888264902,3.3542803245510484,0.49235066427544183,69.58966790115775
2021-04-21,160.42999267578125,161.99000549316406,157.08999633789062,159.32000732421875,158.37911987304688,1111100,NDAQ,147.47,True,135.71,True,134.14,True,839154.0,159.0,True,158.0,True,154.0,True,149.0,True,135.0,True,3.7931159809278654,3.4420474558264122,0.35106852510145314,68.27539569796792
2021-04-22,160.38999938964844,162.33999633789062,159.27999877929688,159.72000122070312,158.7767333984375,642500,NDAQ,147.81,True,135.93,True,134.34,True,843592.0,159.0,True,158.0,True,155.0,True,149.0,True,135.0,True,3.7398702202604284,3.5016120087132157,0.23825821154721272,68.97650305951733
2021-04-23,160.2100067138672,163.27000427246094,159.55999755859375,162.47000122070312,161.510498046875,679300,NDAQ,148.21,True,136.18,True,134.54,True,846676.0,160.0,True,159.0,True,155.0,True,150.0,True,135.0,True,3.8749070719282486,3.5762710213562223,0.29863605057202625,73.33894497265386
2021-04-26,162.80999755859375,162.83999633789062,159.5800018310547,160.02999877929688,159.0849151611328,553100,NDAQ,148.56,True,136.44,True,134.74,True,848418.0,160.0,True,159.0,True,156.0,True,150.0,True,135.0,True,3.741902620536706,3.6093973411923193,0.13250527934438683,64.65206961620396
2021-04-27,159.7899932861328,160.8699951171875,158.6999969482422,160.8000030517578,159.85037231445312,663200,NDAQ,148.93,True,136.69,True,134.93,True,851984.0,160.0,True,159.0,True,156.0,True,151.0,True,136.0,True,3.65647893111813,3.6188136591774818,0.03766527194064828,66.01992693288881
2021-04-28,161.1699981689453,161.47000122070312,158.7100067138672,159.64999389648438,158.7071533203125,635500,NDAQ,149.25,True,136.94,True,135.11,True,847696.0,160.0,False,159.0,True,157.0,True,151.0,True,136.0,True,3.4561436414821287,3.5862796556384113,-0.13013601415628262,62.151610104511455
2021-04-29,160.82000732421875,161.99000549316406,159.39999389648438,161.88999938964844,160.9339141845703,575600,NDAQ,149.59,True,137.22,True,135.3,True,843642.0,161.0,True,160.0,True,157.0,True,151.0,True,136.0,True,3.4384894380426942,3.5567216121192677,-0.11823217407657349,66.29430333514065
2021-04-30,161.57000732421875,162.32000732421875,160.47999572753906,161.5399932861328,160.5859832763672,514300,NDAQ,149.93,True,137.48,True,135.47,True,839736.0,161.0,True,160.0,True,158.0,True,152.0,True,136.0,True,3.35755201754003,3.5168876932034205,-0.15933567566339057,65.09536553302647
2021-05-03,162.0800018310547,163.6199951171875,161.02000427246094,162.49000549316406,161.53038024902344,634300,NDAQ,150.29,True,137.74,True,135.65,True,839038.0,161.0,True,161.0,True,158.0,True,152.0,True,137.0,True,3.3316612571083226,3.4798424059844013,-0.1481811488760787,66.84791214813043
2021-05-04,162.50999450683594,163.66000366210938,159.80999755859375,163.5399932861328,162.5741729736328,988000,NDAQ,150.72,True,138.0,True,135.82,True,840596.0,162.0,True,161.0,True,158.0,True,153.0,True,137.0,True,3.3571685336210635,3.455307631511734,-0.09813909789067043,68.71742610160739
2021-05-05,163.97000122070312,164.25,162.22999572753906,163.5500030517578,162.58412170410156,777900,NDAQ,151.19,True,138.28,True,135.98,True,836352.0,163.0,True,162.0,True,159.0,True,153.0,True,137.0,True,3.3396930360256647,3.4321847124145206,-0.09249167638885591,68.7355267146853
2021-05-06,164.02999877929688,164.02999877929688,162.1300048828125,163.5800018310547,162.61395263671875,615100,NDAQ,151.62,True,138.55,True,136.15,True,836476.0,163.0,True,162.0,True,159.0,True,153.0,True,137.0,True,3.2903352919728945,3.4038148283261958,-0.11347953635330121,68.79380355558897
2021-05-07,163.85000610351562,164.9199981689453,163.47999572753906,164.55999755859375,163.58815002441406,492800,NDAQ,152.11,True,138.82,True,136.3,True,833410.0,163.0,True,162.0,True,160.0,True,154.0,True,138.0,True,3.292344293650075,3.381520721390972,-0.08917642774089707,70.71426791845238
2021-05-10,165.75,166.7899932861328,163.42999267578125,163.52999877929688,162.56423950195312,622600,NDAQ,152.61,True,139.09,True,136.46,True,827074.0,164.0,False,163.0,True,160.0,True,154.0,True,138.0,True,3.1742335599358853,3.340063289099955,-0.16582972916406957,66.10931412295866
2021-05-11,161.30999755859375,161.86000061035156,159.1199951171875,159.72999572753906,158.78668212890625,817200,NDAQ,152.97,True,139.32,True,136.61,True,829508.0,162.0,False,162.0,False,160.0,False,154.0,True,138.0,True,2.7423889119006333,3.2205284136600905,-0.4781395017594572,52.520563636229895
2021-05-12,158.8699951171875,160.41000366210938,156.72000122070312,158.36000061035156,157.42477416992188,1119200,NDAQ,153.32,True,139.55,True,136.74,True,839506.0,161.0,False,161.0,False,160.0,False,155.0,True,138.0,True,2.263509432873434,3.0291246175027595,-0.7656151846293255,48.63887950891483
2021-05-13,158.75999450683594,161.82000732421875,158.75999450683594,160.89999389648438,159.94976806640625,459600,NDAQ,153.81,True,139.8,True,136.91,True,836280.0,161.0,False,161.0,False,160.0,True,155.0,True,139.0,True,2.065144525602051,2.836328599122618,-0.7711840735205673,55.243464161318585
2021-05-14,161.7100067138672,164.94000244140625,161.3800048828125,164.36000061035156,163.38934326171875,698100,NDAQ,154.33,True,140.07,True,137.08,True,826560.0,162.0,True,162.0,True,160.0,True,155.0,True,139.0,True,2.162207945505884,2.7015044683992713,-0.5392965228933875,62.3465195786124
2021-05-17,164.1999969482422,164.8699951171875,163.11000061035156,163.75,162.78294372558594,496000,NDAQ,154.71,True,140.33,True,137.24,True,812508.0,163.0,True,162.0,True,161.0,True,156.0,True,139.0,True,2.164953220724385,2.594194218864294,-0.429240998139909,60.52285013531809
2021-05-18,164.11000061035156,164.52999877929688,161.8699951171875,161.94000244140625,160.98362731933594,524200,NDAQ,155.05,True,140.56,True,137.4,True,788158.0,162.0,False,162.0,False,161.0,True,156.0,True,139.0,True,1.998044976170405,2.4749643703255164,-0.4769193941551113,55.349411334178725
2021-05-19,160.24000549316406,161.17999267578125,159.44000244140625,160.94000244140625,159.9895477294922,648800,NDAQ,155.34,True,140.79,True,137.55,True,778856.0,162.0,False,162.0,False,161.0,False,156.0,True,140.0,True,1.7647345854096557,2.332918413342344,-0.5681838279326885,52.670642398604
2021-05-20,161.50999450683594,164.52999877929688,161.25,163.4600067138672,162.49465942382812,415600,NDAQ,155.72,True,141.03,True,137.72,True,772396.0,162.0,True,162.0,True,161.0,True,156.0,True,140.0,True,1.7628565906178153,2.2189060487974386,-0.4560494581796233,58.165347332422236
2021-05-21,162.89999389648438,164.83999633789062,162.8800048828125,163.8699951171875,162.9022216796875,1349800,NDAQ,156.11,True,141.27,True,137.89,True,785102.0,163.0,True,163.0,True,161.0,True,157.0,True,140.0,True,1.7740013209960352,2.129925103237158,-0.35592378224112275,58.99933503185252
2021-05-24,164.33999633789062,166.00999450683594,164.33999633789062,164.9199981689453,163.94602966308594,403400,NDAQ,156.52,True,141.51,True,138.06,True,783894.0,164.0,True,163.0,True,162.0,True,157.0,True,140.0,True,1.846277335295838,2.073195549648894,-0.22691821435305615,61.136178233033164
2021-05-25,165.61000061035156,166.16000366210938,163.80999755859375,164.30999755859375,163.33963012695312,488400,NDAQ,156.89,True,141.76,True,138.22,True,783044.0,164.0,True,163.0,True,162.0,True,157.0,True,141.0,True,1.8332026273226631,2.025196965183648,-0.19199433786098474,59.20567951931204
2021-05-26,164.6699981689453,166.3800048828125,164.6300048828125,165.4499969482422,164.472900390625,454200,NDAQ,157.29,True,142.0,True,138.38,True,774132.0,164.0,True,164.0,True,162.0,True,158.0,True,141.0,True,1.8930078344686478,1.998759139040648,-0.10575130457200022,61.64332854274856
2021-05-27,165.7100067138672,166.19000244140625,164.92999267578125,165.97999572753906,164.99977111816406,723500,NDAQ,157.73,True,142.22,True,138.56,True,754850.0,165.0,True,164.0,True,163.0,True,158.0,True,141.0,True,1.9605701320401465,1.9911213376405479,-0.030551205600401365,62.75753289041196
2021-05-28,167.14999389648438,167.85000610351562,166.11000061035156,167.4600067138672,166.47103881835938,468900,NDAQ,158.18,True,142.47,True,138.75,True,727790.0,166.0,True,165.0,True,163.0,True,158.0,True,141.0,True,2.109224430960893,2.0147419563046167,0.09448247465627624,65.74955569342505
2021-06-01,168.1999969482422,168.66000366210938,164.27000427246094,164.4499969482422,163.4788055419922,646100,NDAQ,158.55,True,142.71,True,138.92,True,696918.0,165.0,False,165.0,False,163.0,True,158.0,True,142.0,True,1.96153998948472,2.0041015629406376,-0.04256157345591749,55.91138496079423
2021-06-02,165.58999633789062,167.33999633789062,165.0,166.83999633789062,165.85467529296875,941200,NDAQ,158.95,True,142.97,True,139.11,True,691378.0,166.0,True,165.0,True,163.0,True,159.0,True,142.0,True,2.0141342958843325,2.006108109529377,0.008026186354955556,60.91257300799684
2021-06-03,166.88999938964844,168.75,166.24000549316406,168.05999755859375,167.06748962402344,794100,NDAQ,159.36,True,143.26,True,139.3,True,681294.0,167.0,True,166.0,True,164.0,True,159.0,True,142.0,True,2.1297095986081445,2.0308284073451306,0.09888119126301387,63.206924630077324
2021-06-04,168.67999267578125,170.39999389648438,167.61000061035156,170.22999572753906,169.22467041015625,565900,NDAQ,159.81,True,143.58,True,139.5,True,679744.0,168.0,True,166.0,True,164.0,True,160.0,True,142.0,True,2.3690951216425447,2.0984817502046136,0.27061337143793107,66.92567994559103
2021-06-07,170.91000366210938,171.0,168.6300048828125,168.89999389648438,167.90252685546875,580900,NDAQ,160.26,True,143.89,True,139.69,True,677788.0,168.0,True,167.0,True,165.0,True,160.0,True,143.0,True,2.4235526346863026,2.1634959271009517,0.2600567075853508,62.740112344335856
2021-06-08,169.4499969482422,170.35000610351562,168.7899932861328,168.9600067138672,167.96217346191406,637700,NDAQ,160.63,True,144.21,True,139.88,True,678134.0,168.0,True,167.0,True,165.0,True,160.0,True,143.0,True,2.443387291196302,2.219474199920022,0.22391309127628034,62.853003970280405
2021-06-09,169.41000366210938,169.5399932861328,168.42999267578125,169.1199951171875,168.12123107910156,557600,NDAQ,160.99,True,144.52,True,140.08,True,678912.0,169.0,True,168.0,True,166.0,True,161.0,True,143.0,True,2.4438450025023712,2.264348360436492,0.17949664206587945,63.17334431611284
2021-06-10,169.55999755859375,169.55999755859375,168.0800018310547,168.36000061035156,167.90182495117188,560300,NDAQ,161.41,True,144.81,True,140.26,True,675994.0,169.0,False,168.0,True,166.0,True,161.0,True,143.0,True,2.355727180302239,2.2826241244096415,0.07310305589259736,60.504152673161
2021-06-11,170.25999450683594,173.02999877929688,169.94000244140625,172.9499969482422,172.47933959960938,834700,NDAQ,161.92,True,145.1,True,140.48,True,674916.0,170.0,True,169.0,True,166.0,True,161.0,True,144.0,True,2.625996660742942,2.3512986316763014,0.27469802906664054,69.01824679933931
2021-06-14,172.49000549316406,175.1699981689453,171.50999450683594,175.16000366210938,174.68333435058594,684400,NDAQ,162.41,True,145.38,True,140.69,True,675508.0,172.0,True,170.0,True,167.0,True,162.0,True,144.0,True,2.9841171976845544,2.477862344877952,0.5062548528066024,72.1331259629427
2021-06-15,175.60000610351562,177.5500030517578,175.07000732421875,176.2899932861328,175.81024169921875,665800,NDAQ,162.89,True,145.67,True,140.91,True,674174.0,173.0,True,171.0,True,168.0,True,163.0,True,144.0,True,3.320830554780997,2.646455986858561,0.674374567922436,73.5949265738132
2021-06-16,176.24000549316406,178.3800048828125,175.72000122070312,177.35000610351562,176.86737060546875,965700,NDAQ,163.38,True,145.98,True,141.14,True,683828.0,175.0,True,172.0,True,169.0,True,163.0,True,145.0,True,3.6313525202201333,2.8434352935308755,0.7879172266892578,74.92379807361263
2021-06-17,178.08999633789062,180.52999877929688,176.64999389648438,179.7899932861328,179.30072021484375,1147600,NDAQ,163.96,True,146.34,True,141.37,True,693174.0,176.0,True,174.0,True,170.0,True,164.0,True,145.0,True,4.027898877850163,3.080328010394733,0.94757086745543,77.70518035044051
2021-06-18,178.25,178.8000030517578,175.25999450683594,175.8000030517578,175.3215789794922,1787600,NDAQ,164.41,True,146.64,True,141.57,True,714172.0,176.0,False,174.0,True,170.0,True,164.0,True,145.0,True,3.974391545298488,3.259140717375484,0.7152508279230041,65.00732950400044
2021-06-21,176.82000732421875,179.27999877929688,175.88999938964844,178.77999877929688,178.29347229003906,1045200,NDAQ,164.86,True,146.99,True,141.78,True,723304.0,177.0,True,175.0,True,171.0,True,165.0,True,146.0,True,4.1248980915611355,3.432292192212614,0.6926058993485213,69.07229145378972
2021-06-22,178.92999267578125,179.74000549316406,178.25999450683594,178.6999969482422,178.21368408203125,666200,NDAQ,165.31,True,147.34,True,142.01,True,724800.0,178.0,True,176.0,True,172.0,True,165.0,True,146.0,True,4.189427027704909,3.583719159311073,0.6057078683938357,68.84108705845009
2021-06-23,179.0,179.6300048828125,177.61000061035156,177.9600067138672,177.4757080078125,947800,NDAQ,165.72,True,147.69,True,142.25,True,733154.0,178.0,False,176.0,True,172.0,True,166.0,True,146.0,True,4.133210568349398,3.6936174411187386,0.43959312723065924,66.61979205536053
2021-06-24,178.89999389648438,179.3000030517578,177.35000610351562,177.8000030517578,177.31614685058594,867200,NDAQ,166.12,True,148.05,True,142.5,True,739450.0,178.0,False,176.0,True,173.0,True,166.0,True,147.0,True,4.029300394174953,3.7607540317299817,0.26854636244497154,66.12297156367501
2021-06-25,178.58999633789062,178.92999267578125,177.17999267578125,178.07000732421875,177.58541870117188,789500,NDAQ,166.48,True,148.42,True,142.75,True,742066.0,178.0,True,177.0,True,173.0,True,167.0,True,147.0,True,3.9235101382041364,3.793305253024813,0.1302048851793236,66.57595326068108
2021-06-28,178.50999450683594,178.7100067138672,176.97999572753906,177.11000061035156,176.62802124023438,980800,NDAQ,166.82,True,148.76,True,143.01,True,741430.0,178.0,False,177.0,True,174.0,True,167.0,True,147.0,True,3.7193319361155943,3.7785105896429694,-0.05917865352737506,63.333333603022744
2021-06-29,177.67999267578125,178.3000030517578,176.64999389648438,176.85000610351562,176.3687286376953,662900,NDAQ,167.19,True,149.1,True,143.26,True,738260.0,177.0,False,177.0,False,174.0,True,168.0,True,147.0,True,3.4962374075964533,3.7220559532336663,-0.22581854563721304,62.44626004038532
2021-06-30,176.5500030517578,176.7100067138672,175.17999267578125,175.8000030517578,175.3215789794922,1164100,NDAQ,167.51,True,149.43,True,143.51,True,741310.0,177.0,False,177.0,False,174.0,True,168.0,True,148.0,True,3.1978441585298754,3.6172135942929087,-0.4193694357630333,58.86064720672401
2021-07-01,177.88999938964844,177.88999938964844,175.8000030517578,176.02999877929688,175.5509490966797,1123500,NDAQ,167.84,True,149.76,True,143.75,True,741558.0,177.0,False,176.0,True,174.0,True,168.0,True,148.0,True,2.945964842984779,3.482963844031283,-0.536999001046504,59.41042270336571
2021-07-02,176.5,178.0500030517578,175.94000244140625,177.8800048828125,177.39593505859375,969000,NDAQ,168.21,True,150.1,True,144.0,True,748088.0,177.0,True,177.0,True,175.0,True,169.0,True,148.0,True,2.8626300844423156,3.35889709211349,-0.4962670076711744,63.62165273695275
2021-07-06,178.27999877929688,178.41000366210938,175.69000244140625,176.36000061035156,175.88006591796875,674300,NDAQ,168.48,True,150.42,True,144.26,True,747988.0,177.0,False,177.0,False,175.0,True,169.0,True,149.0,True,2.6434628520609635,3.215810244102985,-0.5723473920420217,58.272168105792765
2021-07-07,177.05999755859375,177.25,175.27000427246094,176.16000366210938,175.68060302734375,714600,NDAQ,168.81,True,150.74,True,144.53,True,751218.0,177.0,False,177.0,False,175.0,True,169.0,True,149.0,True,2.425671527662388,3.057782500814866,-0.6321109731524781,57.586067718576246
2021-07-08,174.36000061035156,175.3699951171875,173.57000732421875,174.0800018310547,173.60626220703125,646700,NDAQ,169.07,True,151.04,True,144.79,True,750888.0,176.0,False,176.0,False,175.0,False,169.0,True,149.0,True,2.061468246779782,2.8585196500078496,-0.7970514032280676,50.87685206760569
2021-07-09,174.41000366210938,175.91000366210938,174.24000549316406,175.77000427246094,175.2916717529297,510500,NDAQ,169.39,True,151.35,True,145.05,True,748388.0,176.0,False,176.0,False,175.0,True,170.0,True,149.0,True,1.8874462898838829,2.6643049779830563,-0.7768586880991735,55.4213844525328
2021-07-12,175.77999877929688,180.99000549316406,175.77999877929688,179.64999389648438,179.16110229492188,1147600,NDAQ,169.75,True,151.71,True,145.35,True,759828.0,177.0,True,177.0,True,175.0,True,170.0,True,150.0,True,2.0391097832364835,2.5392659390337418,-0.5001561557972583,63.71988432374062
2021-07-13,180.11000061035156,181.0,178.3699951171875,179.08999633789062,178.60263061523438,890300,NDAQ,170.1,True,152.07,True,145.64,True,767348.0,178.0,True,177.0,True,176.0,True,170.0,True,150.0,True,2.090024569271776,2.4494176650813486,-0.35939309580957257,61.92803868725555
2021-07-14,179.3699951171875,179.3699951171875,176.25,178.0800018310547,177.5953826904297,710300,NDAQ,170.41,True,152.4,True,145.91,True,768868.0,178.0,True,177.0,True,176.0,True,171.0,True,150.0,True,2.0255277649732477,2.3646396850597284,-0.3391119200864807,58.720772984698435
2021-07-15,177.75,179.5,177.22999572753906,178.64999389648438,178.163818359375,649700,NDAQ,170.71,True,152.74,True,146.18,True,762102.0,178.0,True,178.0,True,176.0,True,171.0,True,151.0,True,1.9973825957140718,2.291188267190597,-0.29380567147652537,59.98043619850122
2021-07-16,178.49000549316406,180.22999572753906,178.0800018310547,178.5500030517578,178.06410217285156,917700,NDAQ,171.01,True,153.09,True,146.46,True,764898.0,178.0,True,178.0,True,176.0,True,171.0,True,151.0,True,1.944592864712746,2.221869186695027,-0.2772763219822809,59.63663126506049
2021-07-19,177.69000244140625,178.6300048828125,175.92999267578125,177.14999389648438,176.66790771484375,926000,NDAQ,171.29,True,153.43,True,146.73,True,771116.0,178.0,False,178.0,False,176.0,True,172.0,True,151.0,True,1.769391144394035,2.1313735782348284,-0.3619824338407933,54.89235802591876
2021-07-20,177.77000427246094,182.72000122070312,176.6199951171875,180.89999389648438,180.40769958496094,1128000,NDAQ,171.61,True,153.8,True,147.02,True,783820.0,179.0,True,178.0,True,177.0,True,172.0,True,151.0,True,1.9111061368008109,2.087320089948025,-0.17621395314721422,63.31155973835996
2021-07-21,181.33999633789062,187.02999877929688,181.33999633789062,186.27999877929688,185.77305603027344,1295900,NDAQ,172.07,True,154.22,True,147.33,True,797286.0,181.0,True,180.0,True,178.0,True,172.0,True,152.0,True,2.4295315928789023,2.1557623905342007,0.2737692023447016,71.52346630177871
2021-07-22,187.55999755859375,188.2100067138672,185.1300048828125,185.33999633789062,184.8356170654297,1027500,NDAQ,172.58,True,154.6,True,147.63,True,801492.0,183.0,True,181.0,True,178.0,True,173.0,True,152.0,True,2.7330324637922274,2.271216405185806,0.4618160586064213,68.63293091253782
2021-07-23,186.08999633789062,188.47999572753906,185.6699981689453,187.75999450683594,187.2490234375,735300,NDAQ,173.17,True,155.01,True,147.96,True,793814.0,184.0,True,182.0,True,179.0,True,174.0,True,152.0,True,3.1327206642949648,2.443517257007638,0.6892034072873265,71.79339783489033
2021-07-26,187.11000061035156,187.5500030517578,184.4499969482422,186.5800018310547,186.07225036621094,681900,NDAQ,173.68,True,155.39,True,148.27,True,798260.0,185.0,True,183.0,True,180.0,True,174.0,True,153.0,True,3.3160357000761564,2.6180209456213417,0.6980147544548148,68.18578351768352
2021-07-27,185.92999267578125,188.0800018310547,185.24000549316406,185.69000244140625,185.18467712402344,663100,NDAQ,174.11,True,155.78,True,148.58,True,797560.0,185.0,True,183.0,True,180.0,True,175.0,True,153.0,True,3.3508719084219365,2.7645911381814607,0.5862807702404758,65.51185039741068
2021-07-28,185.77000427246094,186.05999755859375,184.14999389648438,185.52999877929688,185.0251007080078,595000,NDAQ,174.54,True,156.16,True,148.88,True,799540.0,185.0,True,184.0,True,181.0,True,175.0,True,153.0,True,3.327214834696406,2.87711587748445,0.45009895721195603,65.01820332372527
2021-07-29,185.88999938964844,187.52999877929688,184.5500030517578,186.67999267578125,186.17196655273438,564900,NDAQ,175.04,True,156.54,True,149.18,True,800354.0,186.0,True,184.0,True,181.0,True,175.0,True,154.0,True,3.362500516999148,2.97419280538739,0.38830771161175814,66.94604107138636
2021-07-30,186.5500030517578,188.14999389648438,185.7899932861328,186.72999572753906,186.22183227539062,616400,NDAQ,175.55,True,156.93,True,149.48,True,799706.0,186.0,True,185.0,True,182.0,True,176.0,True,154.0,True,3.3558157478096007,3.050517393871832,0.3052983539377685,67.03111925919552
2021-08-02,188.3000030517578,188.94000244140625,187.02999877929688,188.42999267578125,187.91720581054688,553700,NDAQ,176.05,True,157.33,True,149.79,True,802468.0,187.0,True,185.0,True,183.0,True,176.0,True,154.0,True,3.4479477706940145,3.130003469236269,0.31794430145774566,69.87049614224952
2021-08-03,189.19000244140625,189.5399932861328,187.72000122070312,188.6699981689453,188.15655517578125,607100,NDAQ,176.55,True,157.73,True,150.09,True,787614.0,187.0,True,186.0,True,183.0,True,177.0,True,155.0,True,3.499983864765312,3.2039995483420776,0.29598431642323453,70.25991658336005
2021-08-04,188.1300048828125,190.4499969482422,187.66000366210938,189.36000061035156,188.8446807861328,728900,NDAQ,177.04,True,158.13,True,150.39,True,794124.0,188.0,True,187.0,True,184.0,True,177.0,True,155.0,True,3.5559099581269322,3.274381630299049,0.2815283278278833,71.4042241692363
2021-08-05,190.0,190.69000244140625,187.50999450683594,188.67999267578125,188.16651916503906,675100,NDAQ,177.53,True,158.52,True,150.7,True,797858.0,188.0,True,187.0,True,184.0,True,178.0,True,155.0,True,3.504957860331956,3.3204968763056306,0.18446098402632538,68.60272810048497
2021-08-06,189.33999633789062,190.30999755859375,187.55999755859375,188.72000122070312,188.2064208984375,526100,NDAQ,177.99,True,158.89,True,151.0,True,799296.0,188.0,True,187.0,True,185.0,True,178.0,True,156.0,True,3.428287150710503,3.3420549311866052,0.08623221952389759,68.68058609248158
2021-08-09,188.82000732421875,189.02999877929688,187.86000061035156,188.67999267578125,188.16651916503906,550300,NDAQ,178.45,True,159.27,True,151.28,True,795832.0,189.0,False,188.0,True,185.0,True,179.0,True,156.0,True,3.3259571421448015,3.3388353733782448,-0.012878231233443227,68.49766166088357
2021-08-10,188.77999877929688,190.0500030517578,187.67999267578125,188.86000061035156,188.34603881835938,583800,NDAQ,178.87,True,159.65,True,151.57,True,798130.0,189.0,False,188.0,True,185.0,True,179.0,True,156.0,True,3.222241020332291,3.315516502769054,-0.0932754824367632,68.89902281033363
2021-08-11,189.3300018310547,190.38999938964844,188.69000244140625,189.32000732421875,188.80479431152344,414200,NDAQ,179.37,True,160.01,True,151.87,True,793492.0,189.0,True,188.0,True,186.0,True,179.0,True,157.0,True,3.1409569474220973,3.280604591699663,-0.1396476442775656,69.95257722860082
2021-08-12,189.9199981689453,190.8699951171875,187.80999755859375,190.08999633789062,189.57269287109375,455200,NDAQ,179.84,True,160.36,True,152.19,True,783772.0,189.0,True,188.0,True,186.0,True,180.0,True,157.0,True,3.1029020885697776,3.2450640910736857,-0.1421620025039081,71.68181005091117
2021-08-13,190.1999969482422,191.47000122070312,190.0,190.99000549316406,190.47024536132812,310900,NDAQ,180.29,True,160.71,True,152.52,True,774108.0,190.0,True,189.0,True,186.0,True,180.0,True,157.0,True,3.1095219227833866,3.2179556574156263,-0.10843373463223971,73.59467718706992
2021-08-16,191.3000030517578,192.27999877929688,190.00999450683594,192.1699981689453,191.64703369140625,392500,NDAQ,180.73,True,161.05,True,152.87,True,770640.0,191.0,True,189.0,True,187.0,True,181.0,True,158.0,True,3.173402725175066,3.2090450709675142,-0.03564234579244818,75.89381434313583
2021-08-17,191.72999572753906,191.83999633789062,189.49000549316406,189.99000549316406,189.4729766845703,747100,NDAQ,181.15,True,161.37,True,153.21,True,773964.0,190.0,False,190.0,False,187.0,True,181.0,True,158.0,True,3.013385103622767,3.169913077498565,-0.1565279738757983,64.68768976451679
2021-08-18,190.19000244140625,190.19000244140625,186.75,186.88999938964844,186.38140869140625,807300,NDAQ,181.51,True,161.67,True,153.54,True,777356.0,189.0,False,189.0,False,187.0,False,181.0,True,158.0,True,2.6063806670421172,3.0572065954072754,-0.4508259283651581,52.75799020662516
2021-08-19,184.50999450683594,189.47000122070312,183.41000366210938,188.02000427246094,187.50833129882812,725400,NDAQ,181.89,True,161.98,True,153.86,True,780712.0,189.0,False,189.0,False,187.0,True,182.0,True,159.0,True,2.3479430430845696,2.9153538849427347,-0.5674108418581651,55.947205123065935
2021-08-20,188.5399932861328,189.77000427246094,187.3000030517578,188.6699981689453,188.15655517578125,533100,NDAQ,182.3,True,162.3,True,154.18,True,780168.0,189.0,False,189.0,False,187.0,True,182.0,True,159.0,True,2.170557602460349,2.7663946284462577,-0.5958370259859089,57.71548270276477
2021-08-23,189.2899932861328,191.61000061035156,189.2899932861328,190.5399932861328,190.02146911621094,511500,NDAQ,182.65,True,162.62,True,154.49,True,773704.0,189.0,True,189.0,True,188.0,True,182.0,True,159.0,True,2.156018105878445,2.644319323932695,-0.4883012180542501,62.39248409051492
2021-08-24,191.36000061035156,192.0,190.74000549316406,190.86000061035156,190.34060668945312,367700,NDAQ,182.96,True,162.94,True,154.78,True,767370.0,190.0,True,189.0,True,188.0,True,183.0,True,160.0,True,2.1455844052932207,2.5445723402048004,-0.3989879349115797,63.143763077294835
2021-08-25,190.91000366210938,192.08999633789062,190.0399932861328,191.6300048828125,191.10850524902344,370500,NDAQ,183.27,True,163.27,True,155.07,True,761464.0,190.0,True,190.0,True,188.0,True,183.0,True,160.0,True,2.1743835914664373,2.470534590457128,-0.29615099899069053,64.95775923566521
2021-08-26,191.3000030517578,191.80999755859375,189.97000122070312,191.1699981689453,190.64974975585938,425300,NDAQ,183.55,True,163.61,True,155.37,True,750656.0,191.0,True,190.0,True,189.0,True,183.0,True,160.0,True,2.1354720639549782,2.4035220851566983,-0.26805002120172006,62.963996934891625
2021-08-27,191.2100067138672,193.50999450683594,191.2100067138672,193.47999572753906,192.95346069335938,359600,NDAQ,183.82,True,163.95,True,155.71,True,734896.0,192.0,True,191.0,True,189.0,True,184.0,True,161.0,True,2.2649232699924653,2.375802322123852,-0.11087905213138649,68.2363530743608
2021-08-30,194.36000061035156,195.67999267578125,193.58999633789062,194.10000610351562,193.57179260253906,395500,NDAQ,184.19,True,164.3,True,156.03,True,707054.0,192.0,True,191.0,True,189.0,True,184.0,True,161.0,True,2.3899935808405246,2.3786405738671865,0.011353006973338076,69.49171941250172
2021-08-31,194.64999389648438,196.19000244140625,193.97000122070312,195.77999877929688,195.24720764160156,795200,NDAQ,184.53,True,164.67,True,156.37,True,702054.0,194.0,True,192.0,True,190.0,True,184.0,True,161.0,True,2.5947632562871092,2.4218651103511712,0.172898145935938,72.64635005940794
2021-09-01,196.5800018310547,198.38999938964844,194.57000732421875,197.9600067138672,197.42127990722656,575200,NDAQ,184.91,True,165.06,True,156.73,True,700234.0,195.0,True,193.0,True,191.0,True,185.0,True,162.0,True,2.899529153411379,2.517397918963213,0.382131234448166,76.09990092398628
2021-09-02,198.50999450683594,198.92999267578125,196.0399932861328,197.91000366210938,197.3714141845703,599400,NDAQ,185.31,True,165.48,True,157.1,True,693266.0,196.0,True,194.0,True,191.0,True,186.0,True,162.0,True,3.1012739387284967,2.6341731229162697,0.46710081581222695,75.86330598172427
2021-09-03,198.0500030517578,199.6699981689453,197.82000732421875,198.52999877929688,197.98973083496094,490800,NDAQ,185.73,True,165.88,True,157.47,True,685738.0,197.0,True,195.0,True,192.0,True,186.0,True,162.0,True,3.2734522392656515,2.7620289461861462,0.5114232930795053,76.82538413101963
2021-09-07,199.69000244140625,199.69000244140625,195.05999755859375,196.47000122070312,195.93533325195312,568100,NDAQ,186.09,True,166.24,True,157.84,True,681310.0,197.0,False,195.0,True,192.0,True,186.0,True,163.0,True,3.2067151795791347,2.8509661928647443,0.35574898671439037,67.23586784807996
2021-09-08,196.3000030517578,198.6199951171875,196.3000030517578,198.42999267578125,197.88998413085938,411600,NDAQ,186.52,True,166.61,True,158.2,True,669926.0,197.0,True,196.0,True,193.0,True,187.0,True,163.0,True,3.274237141431229,2.9356203825780414,0.3386167588531874,70.95115954869975
2021-09-09,197.86000061035156,199.8800048828125,197.52000427246094,197.94000244140625,197.94000244140625,520600,NDAQ,186.94,True,166.97,True,158.56,True,667080.0,198.0,False,196.0,True,193.0,True,187.0,True,163.0,True,3.25073817955402,2.998643941973237,0.25209423758078264,68.84926235665426
2021-09-10,198.63999938964844,198.7899932861328,195.9600067138672,196.0399932861328,196.0399932861328,567100,NDAQ,187.35,True,167.33,True,158.91,True,655140.0,197.0,False,196.0,True,194.0,True,188.0,True,164.0,True,3.043714180744587,3.0076579897275075,0.03605619101707935,61.26959829096638
2021-09-13,196.64999389648438,198.0,192.97000122070312,194.32000732421875,194.32000732421875,547500,NDAQ,187.71,True,167.68,True,159.25,True,643620.0,196.0,False,196.0,False,194.0,True,188.0,True,164.0,True,2.7096228322284333,2.948050958227693,-0.23842812599925978,55.33113424563589
2021-09-14,194.5800018310547,196.57000732421875,194.5800018310547,195.5500030517578,195.5500030517578,464700,NDAQ,188.07,True,168.03,True,159.59,True,633534.0,196.0,False,196.0,False,194.0,True,188.0,True,164.0,True,2.5151107758188687,2.8614629217459284,-0.34635214592705976,58.433785461801925
2021-09-15,195.58999633789062,197.13999938964844,194.5,195.83999633789062,195.83999633789062,468200,NDAQ,188.46,True,168.38,True,159.93,True,629412.0,196.0,False,196.0,False,194.0,True,189.0,True,165.0,True,2.3571864265191778,2.7606076227005785,-0.4034211961814007,59.15413805067093
2021-09-16,196.0,196.4600067138672,194.55999755859375,195.42999267578125,195.42999267578125,409900,NDAQ,188.84,True,168.74,True,160.27,True,623318.0,196.0,False,196.0,False,194.0,True,189.0,True,165.0,True,2.173887155001921,2.6432635291608473,-0.4693763741589261,57.633369463654425
2021-09-17,194.86000061035156,194.91000366210938,191.0,192.89999389648438,192.89999389648438,1263400,NDAQ,189.22,True,169.07,True,160.58,True,635652.0,195.0,False,195.0,False,194.0,False,189.0,True,165.0,True,1.8036797074020399,2.475346764809086,-0.671667057407046,49.22385561618081
2021-09-20,189.6699981689453,192.11000061035156,188.50999450683594,190.97999572753906,190.97999572753906,769200,NDAQ,189.52,True,169.39,True,160.89,True,640826.0,194.0,False,194.0,False,194.0,False,189.0,True,165.0,True,1.3399141357494955,2.248260238997168,-0.9083461032476725,43.979281843422704
2021-09-21,192.4600067138672,192.72000122070312,191.22000122070312,191.89999389648438,191.89999389648438,491600,NDAQ,189.77,True,169.7,True,161.23,True,627706.0,193.0,False,194.0,False,194.0,False,189.0,True,166.0,True,1.0346855317125119,2.005545297540237,-0.9708597658277252,46.89879080797375
2021-09-22,193.72999572753906,194.6999969482422,192.0500030517578,194.5,194.5,661100,NDAQ,190.07,True,170.03,True,161.57,True,623122.0,193.0,True,194.0,True,194.0,True,189.0,True,166.0,True,0.9911629182122681,1.8026688216746434,-0.8115059034623753,54.168214841633
2021-09-23,195.4199981689453,196.72999572753906,195.25999450683594,195.5800018310547,195.5800018310547,745800,NDAQ,190.42,True,170.37,True,161.91,True,623832.0,194.0,True,194.0,True,194.0,True,190.0,True,166.0,True,1.0319226928108947,1.6485195959018937,-0.616596903090999,56.81296004374685
2021-09-24,194.91000366210938,197.1300048828125,194.38999938964844,196.77999877929688,196.77999877929688,662500,NDAQ,190.79,True,170.74,True,162.25,True,624088.0,195.0,True,195.0,True,194.0,True,190.0,True,167.0,True,1.1478234386632096,1.548380364454157,-0.40055692579094737,59.60237563635186
2021-09-27,196.63999938964844,196.63999938964844,194.52000427246094,195.77999877929688,195.77999877929688,896500,NDAQ,191.13,True,171.11,True,162.6,True,623664.0,195.0,True,195.0,True,194.0,True,190.0,True,167.0,True,1.1457761775655797,1.4678595270764416,-0.3220833495108619,56.336823061522075
2021-09-28,193.8300018310547,194.3300018310547,189.3800048828125,190.9600067138672,190.9600067138672,1309700,NDAQ,191.41,False,171.44,True,162.93,True,631338.0,194.0,False,194.0,False,194.0,False,190.0,True,167.0,True,0.746614128152089,1.323610447291571,-0.576996319139482,43.86248858079509
2021-09-29,191.92999267578125,194.41000366210938,190.9199981689453,193.99000549316406,193.99000549316406,874000,NDAQ,191.67,True,171.8,True,163.27,True,626258.0,194.0,False,194.0,False,194.0,False,190.0,True,167.0,True,0.6670812099725651,1.19230459982777,-0.5252233898552048,51.18058924286626
2021-09-30,195.10000610351562,197.3300018310547,192.9199981689453,193.02000427246094,193.02000427246094,1062600,NDAQ,191.8,True,172.16,True,163.61,True,621592.0,194.0,False,194.0,False,194.0,False,190.0,True,168.0,True,0.5197880147619003,1.057801282814596,-0.5380132680526957,48.97932330274219
2021-10-01,194.1199951171875,194.75,190.66000366210938,193.72999572753906,193.72999572753906,798000,NDAQ,191.97,True,172.51,True,163.95,True,617002.0,194.0,False,194.0,False,194.0,False,191.0,True,168.0,True,0.4551013480957806,0.937261295870833,-0.48215994777505233,50.652336442333805
2021-10-04,193.47999572753906,195.3300018310547,188.74000549316406,188.97000122070312,188.97000122070312,1067400,NDAQ,192.0,False,172.83,True,164.25,True,623644.0,192.0,False,193.0,False,193.0,False,190.0,False,168.0,True,0.019519909585937967,0.753713018613854,-0.734193109027916,40.95598179291702
2021-10-05,189.57000732421875,195.5800018310547,189.25999450683594,195.25999450683594,195.25999450683594,1054200,NDAQ,192.17,True,173.22,True,164.59,True,631090.0,193.0,True,193.0,True,194.0,True,191.0,True,168.0,True,0.17979579785702526,0.6389295744624883,-0.45913377660546306,53.59703259044742
2021-10-06,193.99000549316406,195.89999389648438,192.3000030517578,194.63999938964844,194.63999938964844,949100,NDAQ,192.35,True,173.6,True,164.92,True,636810.0,194.0,True,194.0,True,194.0,True,191.0,True,169.0,True,0.2538608200846113,0.5619158235869129,-0.30805500350230164,52.40603376267799
2021-10-07,196.0,199.08999633789062,196.0,197.91000366210938,197.91000366210938,625100,NDAQ,192.6,True,173.95,True,165.27,True,637412.0,195.0,True,194.0,True,194.0,True,191.0,True,169.0,True,0.5698510122816174,0.5635028613258538,0.006348150955763576,57.73994059901687
2021-10-08,198.0,199.14999389648438,196.52999877929688,197.39999389648438,197.39999389648438,535800,NDAQ,192.81,True,174.3,True,165.61,True,636830.0,196.0,True,195.0,True,194.0,True,191.0,True,169.0,True,0.7702431073458627,0.6048509105298556,0.16539219681600703,56.67313419495762
2021-10-11,196.58999633789062,202.5,196.25999450683594,197.67999267578125,197.67999267578125,869300,NDAQ,193.03,True,174.64,True,165.95,True,641888.0,196.0,True,195.0,True,195.0,True,192.0,True,170.0,True,0.9408038467578592,0.6720414977754564,0.2687623489824028,57.14131163919966
2021-10-12,198.4199981689453,198.89999389648438,196.19000244140625,197.47999572753906,197.47999572753906,748800,NDAQ,193.21,True,174.99,True,166.3,True,645790.0,197.0,True,196.0,True,195.0,True,192.0,True,170.0,True,1.0477584718304342,0.747184892586452,0.3005735792439822,56.67026880722202
2021-10-13,197.67999267578125,198.83999633789062,195.14999389648438,197.4199981689453,197.4199981689453,788300,NDAQ,193.39,True,175.35,True,166.64,True,649414.0,197.0,True,196.0,True,195.0,True,192.0,True,170.0,True,1.1148284329900093,0.8207136006671635,0.29411483232284585,56.51974497003224
2021-10-14,199.11000061035156,201.22000122070312,198.88999938964844,200.63999938964844,200.63999938964844,700800,NDAQ,193.61,True,175.72,True,167.0,True,648852.0,198.0,True,197.0,True,196.0,True,192.0,True,170.0,True,1.4115377200743637,0.9388784245486035,0.47265929552576025,62.30636735964645
2021-10-15,201.4199981689453,203.4199981689453,200.3300018310547,203.02000427246094,203.02000427246094,761800,NDAQ,193.9,True,176.1,True,167.36,True,650586.0,200.0,True,198.0,True,196.0,True,193.0,True,171.0,True,1.8177743006631317,1.1146575997715091,0.7031167008916226,65.91695539262682
2021-10-18,202.82000732421875,204.5198974609375,201.8300018310547,203.49000549316406,203.49000549316406,699312,NDAQ,194.19,True,176.49,True,167.72,True,654050.24,201.0,True,199.0,True,197.0,True,193.0,True,171.0,True,2.152828422141596,1.3222917642455265,0.8305366578960693,66.59740500919303
